0000100010000000000100010000000001100110001000000111111111111111
0001000100000000001000100000000001000100000010001111111111111111
0100000000001000100000000011000100010000000000100111111111111111
0001000100000000001000100000000001000100000010001111111111111111
0000010001000000000010001000100000000001000100000111111111111111
0000011000100010000000100000000001000101000010001111111111111111
0000100110000000000100000010001000110000000001000111111111111111
0100000011000000000110001000100000010001000000100111111111111111
0001000100000000000010100000000001001100000000001111111111111111
0100000000001000000100101000000000110001000010000111111111111111
1000000000010001000000000010001000000100010001000111111111111111
1000000000010001000000100000000001100100001000000111111111111111
0000001000100010000100000100010000000001000010001111111111111111
0000010001000000000010001000100000000001000100000111111111111111
0001000100000000001000100000000001000100000010001111111111111111
0010000000001000010001000000100000000011000100001111111111111111
1000000100000000000100000010011000000000010001000111111111111111
0100000010000000000110011000100000000001000000100111111111111111
0000010001000000000010001000100000000001000100000111111111111111
0000100010000000000100010000000001100110001000000111111111111111
0000000001000000000100001000110000000001000000001111111111111111
0000010011000000000000000001000100100010001000000111111111111111
0000010001000000000010001000100000000001000100000111111111111111
0000000010001000010000000011100000000100000000100111111111111111
0100000010000000000110010000100000000001000001000111111111111111
0000010001000000000010001000100000000001000100000111111111111111
1000000000010000010000100010000000101100000001000111111111111111
0000011000100010000000100000000001000101000010001111111111111111
0000100010000000000100010000000001100010001000000111111111111111
0000011001000010000000100000000100000101000000001111111111111111
0100000010000000000100010000000000100011001000000111111111111111
1000000010000000000100010000000000101010000001000111111111111111
0000010001000000000010001000100000000001000100000111111111111111
0000001100010000000000100010000000101100000001000111111111111111
1000100010000000000100010000000000101010000001000111111111111111
0001000100000000001000100000000001000100000010001111111111111111
0100000000100000000100001000000000110001000010000111111111111111
0100000010000000000100010000000000100011001000000111111111111111
0001000100000000001000100000000001000100000000001111111111111111
0100000011000000000110001000100000010001000000100111111111111111
0100000000000110000000001000010000000001100010000111111111111111
0000001001000010000000001000010000000001100110000111111111111111
0100000000100000000011000000000010001100000000010111111111111111
0100000010000000000100010000000000100011001000000111111111111111
0000001000100010000000000100010000000001100010000111111111111111
0100000010000000000100010000000000100110001000000111111111111111
0100000000100000000011000000000010001100000000010111111111111111
0100000001000000000100001000110000000011000000001111111111111111
0100000000001000100001000000000000100011000100000111111111111111
0001000110000000001000100000000001100100000010000111111111111111
0001000100000010000000000010000001001100000000001111111111111111
0000010110000000000100100000000000100110001000000111111111111111
0000011001100010000000100000000010000101000000001111111111111111
0001000100000010000000000010000001001100000000001111111111111111
0100000000001000000100101000000000110001000010000111111111111111
0000001001000010000000001000010000000001100110000111111111111111
0100000010000000000100010000000000100011001000000111111111111111
0000000001000000000110001000110000000001000100000111111111111111
0000100100000001000000001000000001100100000010000111111111111111
1000000000010001000000100000000001100110001000000111111111111111
0100000001000000000010001000100000000100000000110111111111111111
0000010000100010000000000100000001001100000000001111111111111111
0000010001000000000010001000100000000001000100000111111111111111
0000001100100010000000100000000011000100000010000111111111111111
0001000100000000000010100000000001001100000000001111111111111111
0100000011000000000000000011000100010000001000100111111111111111
0000100010000000000100010000000001100110001000000111111111111111
0001000100000000000000100010000001001100000000001111111111111111
0000100010000001000000000000000001100110001000000111111111111111
0000100100000000000100000010001000001000000001001111111111111111
0100000000001000100000000011000100010000000000100111111111111111
0100000000001000100000000011000100010000000000100111111111111111
1000000000010001000000000010001000001100000001001111111111111111
0000010001000010000000001001100000000001000100000111111111111111
0000010001000000000010001000100000000001000100000111111111111111
0000000001000010000100001000010000000001000010001111111111111111
1000000001000000000100100000000000101001000001000111111111111111
0001000100000000000010100000000001001100000000001111111111111111
0000001000100010000000000100010000000001100010000111111111111111
0100000001000000000100101000000000110001000010000111111111111111
0000010000100010000000100000000001000101000010001111111111111111
0000001100010000000000101000000001100100000010000111111111111111
0000100110000000000100000010001000110000000001000111111111111111
0001000100000000000000100010000001001100000000001111111111111111
0100000000001000000100101000000000110001000010000111111111111111
0000001000100010000000000100010000000001100010000111111111111111
0000100011000000000000000011000100010000001000000111111111111111
0000100011000000000100010000000000111000000001000111111111111111
1000000010000000000100010010000100001000010000100111111111111111
0100000000001000100000000011000100010000000000100111111111111111
0000100010000001000000000000000001100110001000000111111111111111
0100000000001000100000000011000100010000000000100111111111111111
1000000001001000000100100000000000110001000011000111111111111111
0100010001000000000010001000100000000101000000100111111111111111
0001000100000000001000100000000001000100000010001111111111111111
0001000100000000000010100000000001001100000000001111111111111111
0100000000001000000100101000000000110001000010000111111111111111
0001000100000000000000100010000001001100000000001111111111111111
0000100010000000000100010000000001100110001000000111111111111111
0000010001000000000010001000100000000001000100000111111111111111
0000100010000000000100010000000001100110001000000111111111111111
0000001000100010000000010000000011001100000000001111111111111111
0000001000100010000000000100010000000001000010001111111111111111
0000100010000000000100010000000001100010001000000111111111111111
0001000100000000000000100010000001001100000000001111111111111111
0000100110000000000100010000000000101000000001000111111111111111
0000000010000000000100110000000000100000011001000111111111111111
0000000010000000000100110000000000100000011001000111111111111111
0001000100000010000000100000000011001100000000001111111111111111
0000100010000000000100010000000001100110001000000111111111111111
0001000000010010000000000010000001001100000000001111111111111111
0100000010000000000110010000100000000001000001000111111111111111
0000010011000000000010000001000100011000000000100111111111111111
0001000100000000001000100000000001000100000010001111111111111111
0001000100000010000000100000000011001100000000001111111111111111
0001000000001010000000100000000001000101000010001111111111111111
0000010001000000000010001000100000000001000100000111111111111111
0000100011000000000000000011000100011000000000100111111111111111
1000000011000000000100010000000000100011001000000111111111111111
0001001100000010000000100000000001000100000010001111111111111111
0000100011000000000000000011000100010000001000000111111111111111
1000000010000001000000000110001000100100000001000111111111111111
0000100011000000000100001000000000110000000011000111111111111111
0000001100000000010100100000010000000001100010000111111111111111
1000000010000000000110010000000001001000000001100111111111111111
0100000010000000000110011000100000000001000000100111111111111111
0001000000101010000000000100010000000001000010001111111111111111
0100010000100000000011000000000010001100000000010111111111111111
1000000100001000010000100000000001100100000010000111111111111111
0000001000100010000000000100010000000001100010000111111111111111
0000011000100010000000100000000001000101000010001111111111111111
0000001100000000010100100000010000000001100010000111111111111111
0000010001000000000010001000100000000001000100000111111111111111
0000010001000000000010001000100000000001000100000111111111111111
0000000100000000000100100010001000000000010001001111111111111111
0000001011000000000100000010000100010000000000100111111111111111
0000001000100010000000100000000001000101000010001111111111111111
0100000010000000000100010000000000100011001000000111111111111111
0100000000001000000100101000000000110001000010000111111111111111
0100000000001000000100101000000000110001000010000111111111111111
0000001000100000010001000000000000000001100110000111111111111111
0000010001000000000010001000100000000001000100000111111111111111
0000100110000000000100010000000000101010000001000111111111111111
0000010001000000000010001000100000000001000100000111111111111111
0100000001000000000110001000100000010001000000100111111111111111
0100000000001000100000000011000100010000000000100111111111111111
0010000000000100010001100000000010001000000000010111111111111111
1000000100001000000100100000000000100000010011000111111111111111
0000010000100010000001000000000001001001000010001111111111111111
0000001000100010000000001000010001000101000010001111111111111111
0000010001000000000010001000100000000001000100000111111111111111
0100010001000000000010001000100000000101000000100111111111111111
0100000010000000000100010000000000100011001000000111111111111111
0000001000100010000000000100010000000001100010000111111111111111
0000001101000000000100101000010000000001100010000111111111111111
0000010000100010000000000000000011001100000000001111111111111111
0000001000010010000000000010000000101100000001000111111111111111
0001000100000000001000100000000001000100000010001111111111111111
0100000010000000000110011000100000000001000000100111111111111111
0001000100000000001000100000000001000100000010001111111111111111
0001000000001010000000100000000001000101000010001111111111111111
0100000000001000100000000011000100010000000000100111111111111111
0001000100000000001000100000000001000100000010001111111111111111
0100000000001000100000000011000100010000000000100111111111111111
0001000100000000001000100000000001000100000010001111111111111111
0000001100010000000000101000000001100100000010000111111111111111
0000011001100010000000100000000010000101000000001111111111111111
0100000001000000000100101000000000110001000010000111111111111111
0001000100000000100000000110010001001000000000001111111111111111
0000100110000000000100000010001000110000000001000111111111111111
0001000100000000001000100000000001000100000010001111111111111111
0000001100010000000000101000000001100100000010000111111111111111
1000000001000000000100100000000000101000000001000111111111111111
0001000100000000000000100000000011001100000000001111111111111111
0000100010000000000100010000000001100110001000000111111111111111
0000100110000000000100000010001000110000000001000111111111111111
0000001000100010000000000100010000000001100010000111111111111111
0000001001000010000000001000010000000001100110000111111111111111
0100000010000000000110011000100000000001000000100111111111111111
0000010001000000000010001000100000000001000100000111111111111111
0000100011000000000000000011000100010000001000000111111111111111
0001000100000010000000000010000001001100000000001111111111111111
0000001010010001000000000010000001000110001000000111111111111111
0001000100000000001000100000000001000100000010001111111111111111
0000001000100010000000100000000011000100000010000111111111111111
0100000010000000000100000010001000110001000001000111111111111111
1000000100001000010000100000000001100100000010000111111111111111
0010000000000100000010001000000001011000000000100111111111111111
0000011000100010000000000100010000000001000010001111111111111111
0000010001000000000010001000100000000001000100000111111111111111
0001000110000000000010100000000001100100001000000111111111111111
0000010001000000000010001000100000000001000100000111111111111111
0000001000100010000000100000000001000101000010001111111111111111
0100000010000000000100010000000000100011001000000111111111111111
0000001001000010000000001000010000000001100110000111111111111111
0000011000100010000000100000000001000101000000001111111111111111
0000010001000010000000001000100000100001000100000111111111111111
0000001001010010000000000010000000101100000001000111111111111111
0000100010000000000100010000000001100110001000000111111111111111
0000100110000000000100000010001000110000000001000111111111111111
1000000000010001000000100000000001100110001000000111111111111111
0001000100000000001000100000000001000100000010001111111111111111
1000000000010000010000100010000000101100000001000111111111111111
0100000001000000000110001000100000010001000000100111111111111111
0000001001010010000000000010000000101100000001000111111111111111
0011000100000000000010000100010000001000100000001111111111111111
0000010001000000000010001000100000000001000100000111111111111111
0100000000001000100001000000000100110001000010000111111111111111
0000001001100010000000000000010000000001100110000111111111111111
0010000000001000010000000001100010000001000100000111111111111111
0000100110000000000100000010001000110000000001000111111111111111
0000010001000000000011100000000100001001000000001111111111111111
0001000100000000000000100000000011001100000000001111111111111111
0100000001000000000100101000000000110001000010000111111111111111
0100010010000000000010001000100000000101000000100111111111111111
0000001100000000010000100000000001001100000000001111111111111111
1000000000110001000000000010000001001100000000001111111111111111
0000010011000000000010000001000100011000000000100111111111111111
0000001001100010000000001000010000000001100110000111111111111111
0000100100000000010000000010000001001100000000001111111111111111
0100000001000000000110001000000100010000000000100111111111111111
1000000100000000010000100000000001100100000010000111111111111111
0000010001000000000010001000100000000001000100000111111111111111
0000010001000000000010001000100000000001000100000111111111111111
0100010010000000000010001000100000000101000000100111111111111111
0000010001000000000010001000100000000001000100000111111111111111
0100000000000100000010001000110000000001000000110111111111111111
0000010001000000000010001000100000000001000100000111111111111111
0001000100000010000000000010000001001100000000001111111111111111
0000100010000000000100010000000001100110001000000111111111111111
0000010001000000000010001000100000000001000100000111111111111111
0100000000000110000000001000010000000001100010000111111111111111
0000010011000000001000000001100000000110001000000111111111111111
0000010001000000000010001000100000000001000100000111111111111111
0000100010000000000100010000000001100110001000000111111111111111
0000001001100010000100001000010000000001000010000111111111111111
0000001001000010000100001000010000000001000010000111111111111111
0000001001000010000100001000010000000001000010000111111111111111
0100000001000000000110001000100000010001000000100111111111111111
0001000100000000001000100000000001000100000010001111111111111111
0000010001000000000010001000100000000001000100000111111111111111
1000000000010001000000100000000001100110001000000111111111111111
0000010001000000000010001000100000000001000100000111111111111111
0000001000010010000000000010000101001100000000001111111111111111
0000011000100010000001000000000010000001000110000111111111111111
0000100100000001000100000010001000010000000001001111111111111111
0100000010000000000110011000100000000001000000000111111111111111
0010000000000100010011000000100000001000100000010111111111111111
0100010000100010000001000000000100000001000010001111111111111111
0100000010000000000110011000100000000001000000100111111111111111
0100000010000000000110011000100000000001000000100111111111111111
0000011000100010000000100000000001000101000010001111111111111111
0100010010000000000010001000100000000101000000100111111111111111
0000010001000000000010001000100000000001000100000111111111111111
0000010011000000000000000001000100100010001000000111111111111111
1000000010000000000100010010000100000000011000100111111111111111
0000010001000000000010001000000100011000000000100111111111111111
0010000000000100010001100000000010001000000000010111111111111111
1000000000010001000000100000000001100110001000000111111111111111
0100000000001000100000000011000100010000000000100111111111111111
0010000000000100000010001000000001011000000000100111111111111111
0000100100000000010000000010001000001100000001001111111111111111
0000100011000000000000000011000100010000001000000111111111111111
0100010010000000000010001000100000000101000000100111111111111111
0000001011000000000100000010000100010000000000100111111111111111
0100000000001000100000000001000100110010001000000111111111111111
0001000100000010000000000100000001001100000000001111111111111111
1000000000100000001000100000000001000100000010001111111111111111
0100000010000000000100000010001000110001000001000111111111111111
0001000100000000001000100000000001001100000000001111111111111111
0000001001010010000000000010000100001100000001000111111111111111
0000010001000000000010001000100000000001000100000111111111111111
0000011000100010000000100000000001000101000010001111111111111111
0001000110000000000010100000000001100100001000000111111111111111
0000010011000000000010000001000100011000000000100111111111111111
0000010001000000000010001000100000000001000100000111111111111111
0000010001000010000000000010000100001001000000001111111111111111
0000001001100010000000001000010000000001100110000111111111111111
0000100110000000000100000010001000110000000001000111111111111111
0010000000000100010001100000000010001000000000010111111111111111
0000100010000000000100010000000001100110001000000111111111111111
0000001000100010000000000100010000000001100010000111111111111111
0000001011000000000100000010000100010000000000100111111111111111
0000100010000000000100010000000001100110001000000111111111111111
0000010001000000000010001000000100011000000000100111111111111111
0000010001000000000010001000100000000001000100000111111111111111
0001000100000000000000000010000001001100000000101111111111111111
1000000000001000000100100000000000110001000010000111111111111111
0100000010000000000100010000000000100110001000000111111111111111
0001000100000000001000100000000001000100000010001111111111111111
0000010001000000000010001000100000000001000100000111111111111111
0000100010000000000100010000000001100010001000000111111111111111
0000001000100000010001000000001000000001100110000111111111111111
1000000000010001000000000010001000000000010101000111111111111111
0000001000100010000000000100010000000001100010000111111111111111
0000001000100000010001000000011000000001100110000111111111111111
0000010001100010000000000001000010001100000000010111111111111111
0000100100000000000100000010001000011000000001001111111111111111
0100000010000000000100010000000000100011001000000111111111111111
0000100011000000000000000011000100011000000000100111111111111111
0000100010000000000100010000000001100110001000000111111111111111
0000001000100010000000100000000001000101000010001111111111111111
0001000100000000001000100000000001000100000010001111111111111111
0000001100010000000000100010000000101100000001000111111111111111
0100000000001000100000000011000100010000000000100111111111111111
0000100010000000000100010000000001100110001000000111111111111111
0100000010000000000100010000000000100011001000000111111111111111
0000001000100010000000100000000001000101000010001111111111111111
0000100011000000000000000011000100010000001000000111111111111111
0000001001100010000100001000010000000001000010000111111111111111
0000100110000000000100000010001000110000000001000111111111111111
0000010001000000000010001000000100011000000000100111111111111111
0100000000001000100000000011000100010000000000100111111111111111
0100000000001000100000000011000100010000000000100111111111111111
0000001000010010000000000010000000101100000001000111111111111111
0000010001000000000010001000100000000001000100000111111111111111
0000011000100010000000100000000001000101000010001111111111111111
0001000100000000001000100000000001000100000010001111111111111111
1000000000010001000000100000000001100110001000000111111111111111
1000000000010001000000100000000001100110001000000111111111111111
0000001001100010000100001000010000000001000010000111111111111111
0000001100010000000000100010000001001100000000001111111111111111
0000100010000000000100010000000001100110001000000111111111111111
0000000010001000010000000011100000000100000000100111111111111111
0000010011000000000010001000100000000101000000100111111111111111
0100000010001000000000000001000100010000000010100111111111111111
0100000000001000100000000011000100010000000000100111111111111111
0100000010000000100000000011000100010000000000100111111111111111
0100000001000000000110001000000100010000000000100111111111111111
0000000000100010000000010000000011001100000000001111111111111111
0000010001100000000101000000000010001001000000001111111111111111
0000001001100010000000001000010000000001100110000111111111111111
0001000100000000001000100000000001000100000010001111111111111111
0100000010000000000110011000100000000001000000000111111111111111
0100000000001000100001000000000100110001000010000111111111111111
0100000000001000100000000011000100010000000000100111111111111111
0000001001100010000100001000010000000001100010000111111111111111
0000010001000010000000001001100000000001000100000111111111111111
0000010001000010000000001001100000000001000100000111111111111111
0000001001000010000000001000010000000001100110000111111111111111
0000001001000010000000001000010000000001100110000111111111111111
0100000001000000000100001000110000000001000000001111111111111111
0000010011000000000100100000000000100011001000000111111111111111
0001000100000000001000100000000001000100000010001111111111111111
0000100010000000000100010000000001100010001000000111111111111111
0000000001000000000110001000110000000001000000100111111111111111
0100000000001000100000010000000000100011001100000111111111111111
0000001001100010000000001000010000000001100110000111111111111111
0100000000100000000011000000000010001100000000010111111111111111
0001000100000000001000100000000001001100000000001111111111111111
0100000000001000000100101000000000110001000010000111111111111111
0000010001000010000000001000100000100001000100000111111111111111
0000010001000000000010001000100000000001000100000111111111111111
0100000000001000000100101000000000110001000010000111111111111111
0000000001100010000100001000010000000001000010001111111111111111
0100000001000000000110001000110000000001000000100111111111111111
0000100010000000000100010000000001100110001000000111111111111111
0000010100000000000100100000000010100100001001000111111111111111
1000100011000000000100010000000000101000000001000111111111111111
0001000010000000000100100000000000100001001010000111111111111111
0100000001000000000110001000000100010000000000100111111111111111
1000000000010001000000100000000001100100001000000111111111111111
0001000100000010000000000100000001001100000000001111111111111111
0000010001100010000000000001000010001100000000010111111111111111
0000010001000000000010001000100000000001000100000111111111111111
1100000000001000000100010000000000100011000100000111111111111111
1000000000010001000000100000000001100100001000000111111111111111
0001000110000000000000000010010000000100010000100111111111111111
0000001001000010000100001000010000000001000010000111111111111111
0100010010000000000010001000100000000101000000100111111111111111
0001000000001010000000100000000001000101000010001111111111111111
0001000100000000001000100000000001001100000000001111111111111111
0000010001100010000000000001000010001000000100000111111111111111
0000001000100010000000100000000001000101000010001111111111111111
0100000010000000000100010000000000100011001000000111111111111111
0001000100000000001000100000000001001100000000001111111111111111
0000010001000000000010001000100000000001000100000111111111111111
0000001010000000000100010010100000000000010001100111111111111111
0001000100000000000010100000000001001100000000001111111111111111
0001000100000000001000100000000001000100000010001111111111111111
0100000000100000000011000000000010001100000000010111111111111111
0000010001000000000010001000100000000001000100000111111111111111
0001000100000000001000100000000001000100000010001111111111111111
0000001000100010000000000100010000000001100010000111111111111111
0000100010000000000100010000000001100110001000000111111111111111
0100000010000000000100010000000000100011001000000111111111111111
0001000100000010000000000010000001001100000000001111111111111111
0001000100000010000000000100000001001100000000001111111111111111
0000010001000000000010001000100000000001000100000111111111111111
0000001011000000000100000010000100010000000000100111111111111111
0000000100000000001100100000010000000000110011000111111111111111
1000000000010001000000100000000001100110001000000111111111111111
0000010001000000000010001000100000000001000100000111111111111111
0001000100000000001000100000000001000100000010001111111111111111
0000001001000010000000000010010100000001000000001111111111111111
0000010001000000000010001000100000000001000100000111111111111111
0100000000001000100000000011000100010000000000100111111111111111
0000011100000000000000100000000011000100000010000111111111111111
1000000000001000000000010000000001100110000100000111111111111111
0000001000100000000101000000010000000001100010000111111111111111
0100000001000000000110001000110000000001000000100111111111111111
0000010011000000000010001000000100010000000000100111111111111111
0100000000001000100000000011000100010000000000100111111111111111
0000010001000000000010001000100000000001000100000111111111111111
1000000000010001000000100000000001100110001000000111111111111111
0001000110000000000010100000000001100100001000000111111111111111
0000010001000000000010001000100000000001000100000111111111111111
0000010001000000000010001000100000000001000100000111111111111111
0100010001000000000010001000100000000101000000100111111111111111
1000000000010001000000100000000001100110001000000111111111111111
0000001000100010000000000100010000000001100010000111111111111111
1000000011000000000100010000000000100011000100000111111111111111
0000010001000000000010001000100000000001000100000111111111111111
0001000100000000001000100000000001000100000010001111111111111111
0000001001100010000000001000010000000001100110000111111111111111
0100000010000000000100010000000000100011001000000111111111111111
1000000000010001000000100000000001100110001000000111111111111111
0000001000100000010001000000000000000001100110000111111111111111
1100000000001000000100010000000000100011000100000111111111111111
0000001000100010000000010000000011001100000000001111111111111111
0000100011000000000100001001000100010000000010100111111111111111
0001000110000000000010100000000001100100001000000111111111111111
0001000100000000001000100000000001000100000010001111111111111111
0001000110000000000010100000000001100100001000000111111111111111
0000010011000000000000000001000100100010001000000111111111111111
0001000110000000000010100000000001100100001000000111111111111111
0000010001100010000000000001000010001000000100000111111111111111
1000000000010001000000000010001000000100010001000111111111111111
0001000100000000001000100000000001001100000000001111111111111111
0010000000000100010001100000000010001000000000010111111111111111
0100000010000000000110011000100000000001000000100111111111111111
0000001000100010000000001000010001000101000010000111111111111111
0100000001000000000010001000100000000100000000110111111111111111
0000001000100010000000100000000001000101000010001111111111111111
0000001100000000010000100000000011000100000010000111111111111111
0100000001000000000100001010100000010001000000001111111111111111
0100010010000000000010001000100000000101000000100111111111111111
0000010001000000000010001000100000000001000100000111111111111111
0000010001000000000010001000100000000001000100000111111111111111
0000010001100010000000000001000010001000000100000111111111111111
0100000000001000100000000011000100010000000000100111111111111111
0000001001100010000000001000010000000001100110000111111111111111
0100000000001000000100101000000000110001000010000111111111111111
0100010001000000000010001000100000000101000000100111111111111111
0000010001000000000011100000000100001001000000001111111111111111
1000000001000000000100100000000000101001000001000111111111111111
0001000100000000001000100000000001000100000010001111111111111111
0000010001000000000010001000100000000001000100000111111111111111
0100010000100010000001000000000100000001000010001111111111111111
0000100110000000000100001000000001100010000010000111111111111111
0001000100000010000000000100000001001100000000001111111111111111
0000100010000000000100010000000001100110001000000111111111111111
0000010001100000000101000000000010001001000000001111111111111111
0100000000001000100001000000000000100011000100000111111111111111
0100010001000000000010001000100000000101000000001111111111111111
1000000000010001000000100010000000100100000001000111111111111111
0100000001000000000010001000100000000100000000110111111111111111
1000000000010001000000100000000001100110001000000111111111111111
0001000100000000001000100000000001000100000010001111111111111111
0100000010000000000100010000000000100110001000000111111111111111
0100010010000000000010001000100000000101000000100111111111111111
0000001000100010000000000100010000000001100010000111111111111111
0001000100000010000000000100000001001100000000001111111111111111
1000000100001000010000100000000001100100000010000111111111111111
0000010001000000000010001000100000000001000100000111111111111111
0100000011000000000110001000100000010001000000100111111111111111
0100000000001000100000000011000100010000000000100111111111111111
0000010001000000000010001000100000000001000100000111111111111111
0000100010000000000100010000000001100110001000000111111111111111
0001000100000000001000100000000001000100000010001111111111111111
0000001101000000000100100000010000000001100010000111111111111111
0000001000100000010001000000000000000001100110000111111111111111
0000010001000000000010001000100000000001000100000111111111111111
0000010011000000000010000001000100011000000000100111111111111111
0100000010000000000100010000000000100011001000000111111111111111
0001000100000000001000100000000001000100000010001111111111111111
0000010001000000000010001000100000000001000100000111111111111111
0100000010001000000000000001000100010000000010100111111111111111
0001001100000000000000100000000011000100000010000111111111111111
0000010001000000000010001000100000000001000100000111111111111111
0000001100010010000000101000000001100100000010000111111111111111
0000100010000000000100010000000001100110001000000111111111111111
0000001100000000010100100000010000000001100010000111111111111111
0000001001100010000100000000010000000001000010001111111111111111
0000010001000000000010001000000100011000000000100111111111111111
0100000010000000000100010000000000100011001000000111111111111111
0001000100000010000000000010000001001100000000001111111111111111
0100000011000000000110001000100000010001000000100111111111111111
0000100110000000000100000010001000110000000001000111111111111111
0000010001000010000000001000000000100001000110000111111111111111
0000010001000010000000000001000110001000000100000111111111111111
0000010001000000000010001000100000000001000100000111111111111111
0000001001000010000000001000010000000001100110000111111111111111
0001000100000000001000100000000001000100000010001111111111111111
0100010001000000000010001000100000000101000000001111111111111111
1000000100001000010000100000000001100100000010000111111111111111
0000100010000000000100010000000001100110001000000111111111111111
0000001011000000000100000010000100010000000000100111111111111111
0100000010001000000100010000000000110000000011000111111111111111
0000001001000010000000001000010000000001100110000111111111111111
1000000100001000010000100000000001100100000010000111111111111111
0100000001000000000110001000110000000001000000100111111111111111
0000100110000000000100000010001000110000000001000111111111111111
0001000000001010000000000010010000000101000000001111111111111111
0100000000001000100000000011000100010000000000100111111111111111
0000001000100010000000000100010000000001100010000111111111111111
0001000100000000001000100000000001000100000010001111111111111111
0000010001000000000010001000100000100001000100000111111111111111
1000000001000000000100100000000000101001000001000111111111111111
1000000011000000000100010000000000100011001000000111111111111111
0000100010000000000000000011001100010000000000000111111111111111
0000100010000000000100010000000001100110001000000111111111111111
1000000000010001000000100000000001100110001000000111111111111111
0001000100000010000000000100000001001100000000001111111111111111
0000010000100010000000000100000001001100000000001111111111111111
0100000000001000100000000011000100010000000000100111111111111111
0000010001000000000010001000100000000001000100000111111111111111
0100000001000000000110001000000100010000000000100111111111111111
0000001000100010000000000100010000000001100010000111111111111111
0000010100000000000100100000000010100100001001000111111111111111
0100000010000000000100010000000000100011001000000111111111111111
0001000100000010000000100000000011001100000000001111111111111111
0100000010001000000000000001000100010000000010100111111111111111
0001000100000000001000100000000001000100000010001111111111111111
0001000100000000000010100000000001001100000000001111111111111111
0000100110000000000100010000000000101010000001000111111111111111
0000100110000000000100000010001000110000000001000111111111111111
0001000110000000000010100000000001100100001000000111111111111111
1000000001000000000100000010010000000011001000001111111111111111
1000000000010001000000100000000001100100001000000111111111111111
0000001000100010000000000100010000000001100010000111111111111111
0001000100000000001000100000000001000100000010001111111111111111
0001000100000010000000000010000001001100000000001111111111111111
1000000001000000000100001000010000100011000100000111111111111111
0000010001000000100000000000000000100011001100000111111111111111
0000010001000000000010001000100000000001000100000111111111111111
0000001000100010000000010000000011001100000000001111111111111111
0000010001000000000010001000100000000001000100000111111111111111
0100000010000000000110011000100000000001000000100111111111111111
0100000010000000000100010000000000100011001000000111111111111111
1000000000011001000000100000000000100100000011000111111111111111
0000001010010001000000000010000001000110001000000111111111111111
0000001100000000010000100000000011001100000000001111111111111111
1000000000010001000000100000000001100110001000000111111111111111
0000100010000000000100010000000001100010001000000111111111111111
0000001000100010000000000100010000000001100010000111111111111111
0001000100000000001000100000000001000100000010001111111111111111
0000001001010010000000000010000000101100000001000111111111111111
0000001011000000000100000010000100010000000000100111111111111111
0001000100000000001000100000000001001100000000001111111111111111
1000000100000000000100100010001000000000010001000111111111111111
0100000000001000100000000011000100010000000000100111111111111111
0100010010000000000010001000100000000101000000100111111111111111
0100000010000000000100010000000000100011001000000111111111111111
0100000000001000100001000000000000100011000100000111111111111111
0001000100000010000000100010000001001100000000001111111111111111
0000001000100010000000000100010001000001000010001111111111111111
0100000001000000000100001010100000010001000000001111111111111111
1000000001000000000100100000000000101001000001000111111111111111
0000100110000000000100010000000000101000000001000111111111111111
0000001001000010000000001000010000000001100110000111111111111111
0100000000001000000101000000100000000011000000001111111111111111
0001000100000000000010100000000001001100000000001111111111111111
0100000010000000000100000010001000110001000001000111111111111111
0100000001000000000010001000100000010100000000110111111111111111
1000000100000000010000100000000001100100000010000111111111111111
0000010011000000000110001000100000000001000000100111111111111111
0000100010000000000100010000000001100110001000000111111111111111
0100000001000000000110001000100000000001000100000111111111111111
0000000010000001000000000110001000110000000001000111111111111111
1000000001001000000100100000000000110001000010000111111111111111
1000000000010101000000100000000001000100001000000111111111111111
0000001000110010000000100000000001000100000000001111111111111111
0100000000001000100000000001000100010000000010100111111111111111
1000000000010001000000100000000001100100001000000111111111111111
0010000000000100010001100000000010001000000000010111111111111111
0100010001000000000010001000100000000101000000001111111111111111
0000001100010010000000101000000001000100000010000111111111111111
0000100010000000000100010000000001100110001000000111111111111111
0000010000100010000000000100000001001100000000001111111111111111
0000010001000000000010001000100000000001000100000111111111111111
0000011000100010000000100000000001000101000000001111111111111111
0001000100000000001000100000000001000100000010001111111111111111
0001000100000000001000100000000001000100000010001111111111111111
0000001100100000000100100000000001000100000010001111111111111111
0100000010000000000110011000100000000100000000100111111111111111
0000100010000000000100010000000001100110001000000111111111111111
0001000100000000001000100000000001000100000010001111111111111111
0000001001000010000000001000010000000001100110000111111111111111
0000010001000000000010001000100000000001000100000111111111111111
0100000010000000000110011000100000000100000000100111111111111111
0000001101000000000100100000010000000000100011000111111111111111
0001000000001010000000100000000001100101000010001111111111111111
0000010001000000000010001000100000000001000100000111111111111111
1000000001000000000100100000000000101001000001000111111111111111
0001000100000000001000100000000001000100000010001111111111111111
0100000000001000100000000011000100010000000000100111111111111111
0001000100000000000000100000000011001100000000001111111111111111
0001000100000000100000000010010000001000010000100111111111111111
0000010000100010000001000000000011001100000000001111111111111111
0000001000100000000101000000010000000001100010000111111111111111
0001000100000000001000100000000001000100000010001111111111111111
0000000000100010000000010000000011001100000000001111111111111111
0000100010000000000100010000000001100110001000000111111111111111
0100001000100010000001000000000100000001100010000111111111111111
0001000100000010000000101000000001100100000010000111111111111111
0100000010000000000100010000000000100011001000000111111111111111
0001000100000000000010100000000001001100000000001111111111111111
0000100100000000010000000010000001001100000000001111111111111111
0001000100000000001000100000000001000100000010001111111111111111
0000010001100000000011000000000010001001000100000111111111111111
0001000100000000001000100000000001000100000010001111111111111111
0000001000100010000000000100010001000001000010001111111111111111
1000000000010001000000100000000001100110001000000111111111111111
0000100010000000000100010000000001100110001000000111111111111111
0100000000001000100000000011000100010000000000100111111111111111
0001000000001010000000000010010000000101000000001111111111111111
0100000001000000000110001000000100010000000000100111111111111111
0000001100100010000000100000000011000100000010000111111111111111
0100000000001000100000000011000100010000000000100111111111111111
0100010010000000000010001000100000000101000000100111111111111111
0000001000100000010001000000001000000001100110000111111111111111
0000100010000000000100010000000001100110001000000111111111111111
0000001100010000000000101000000001100100000010000111111111111111
0001000100000000001000100000000001000100000010001111111111111111
0100000010001000000000000001000100010000000010100111111111111111
0100010001000000000010001000100000000101000000001111111111111111
0100000010000000000100010000000000100110001000000111111111111111
0100000001000000000110001000100000010001000000100111111111111111
0100000000001000100000000011000100010000000000100111111111111111
0000010001100010000100001000010000000001000000001111111111111111
0000010001100000000101000000000010001001000000001111111111111111
0000000001000000000110001000110000000001000000100111111111111111
1000000100000000000100100010001000000000010001000111111111111111
0100000000100000000011000000000010001100000000010111111111111111
0000010001000000000010001000100000000001000100000111111111111111
0100000001000000000110001000100000010001000000100111111111111111
0000001011000000000100100000000000110001000011000111111111111111
0000001001100010000000001000010000000001100110000111111111111111
0100000010000000000110011000100000000001000000100111111111111111
0100000010000000000110011000100000000001000000100111111111111111
0000010001100010000000000001000010001100000000010111111111111111
0100000000001000100000000011000100010000000000100111111111111111
0000001001100010000000000000010000000001100110000111111111111111
0100010000101010000001000000000100000001000010001111111111111111
0001000100000010000000100010000001001100000000001111111111111111
0000010001000000000010001000100000000001000100000111111111111111
0000100011000000000000000011000100010000001000000111111111111111
0000001000100010000000000100010000000001100010000111111111111111
0001000100000000001000100000000001000100000010001111111111111111
0001000100000000000010100000000001001100000000001111111111111111
0000001000010010000000000010000101001100000000001111111111111111
0000010001000000000010001000100000000001000100000111111111111111
0100010001000000000010001000100000000101000000100111111111111111
0010000000001000010011000000100000000001100100000111111111111111
0000001100000000010100100000010000000001100010000111111111111111
0000010001000010000000001010010000000001000000001111111111111111
0000010001000000000010001000100000000001000100000111111111111111
0000010001000000000010001000100000000001000100000111111111111111
0001000000001010000000000010010000000101000000001111111111111111
0100000000001000100001000000000100110001000010000111111111111111
0000001100000000010100100000010000000001100010000111111111111111
0000010001000000000010001000100000000001000100000111111111111111
0001000100000000001000100000000001001100000000001111111111111111
0000010011000000000100100000000000100011001000000111111111111111
0000100010000000000100010000000001100110001000000111111111111111
0100000000001000010001000000100000000101000000001111111111111111
1000000000010001000000100000000001100110001000000111111111111111
0100000010000000000010001000100000010100000000110111111111111111
0000001000110010000000100000000001000100000010001111111111111111
0000010001000000000010001000100000000001000100000111111111111111
0001000100000000001000100000000001000100000010001111111111111111
0100000001000000000110001000100000010001000000100111111111111111
0100000000001000100000000011000100010000000000100111111111111111
0001000100000000001000100000000001000100000010001111111111111111
0001000000010010000000000010000001001100000000001111111111111111
0000110011000000000000000001000100100010001000000111111111111111
0001000100000000000010100000000001001100000000001111111111111111
0001000100000000001000100000000001000100000010001111111111111111
0000001100010010000000100010000000101100000001000111111111111111
0100000000001000100001000000000000100011000100000111111111111111
0100000001000000000100101000000000110001000010000111111111111111
0000011000100010000000100000000001000101000000001111111111111111
0001000100000000001000100000000001000100000010001111111111111111
0001000100000010000000000110010000001100000000001111111111111111
0100000010000000000100000010001000110001000001000111111111111111
1000100011000000000100010000000000101000000001000111111111111111
0010000000000100010001100000000010001000000000010111111111111111
0001000110000000000010100000000001100100001000000111111111111111
0000001100100000000100100000000001000100000010001111111111111111
0000010001000000000010001000100000000001000100000111111111111111
0000000001000000000110001000110000000001000100000111111111111111
0010000000000100010001100000000010001000000000010111111111111111
0000100011000000000100010000000000100010001000000111111111111111
0000010011000000000010000001000100011000000000100111111111111111
0001000100000010000000000010000001001100000000001111111111111111
0100000000001000100000000011000100010000000000100111111111111111
0000010001000000000010001000100000000001000100000111111111111111
0100000001000000000110001000100000010001000000100111111111111111
0001000100000000001000100000000001000100000000001111111111111111
0000010011000000000010000001000100011000000000100111111111111111
1000000000010001000000000010001000001100000001001111111111111111
0001000100000000001000100000000001000100000010001111111111111111
0100000010000000000100001000000000110001000010000111111111111111
0100000000001000100000000011000100010000000000100111111111111111
0000001000010010000000000010000000101100000001000111111111111111
0000011000100010000000100000000001000101000000001111111111111111
0110000000000100000010001000110000000001000000110111111111111111
0000100100000000000100000010001000011000000001001111111111111111
0000010001100010000000000001000010001000000100000111111111111111
0001000100000010000000100010000001001100000000001111111111111111
0000010011000000000000000001000100100010001000000111111111111111
0000010001100010000000000001000010001000000100000111111111111111
0000010011000000000000000001000100100010001000000111111111111111
0000010001000010000000001000000000100001000100000111111111111111
0100000001000000000100101000000000110001000010000111111111111111
0000010001000000000010001000000100011000000000100111111111111111
0001000000001010000000100000000001000101000010001111111111111111
0100000001000000000010001000100000010100000000110111111111111111
0100000000000100010001000000000010001000000000010111111111111111
0000100010000000000100010000000001100110001000000111111111111111
0010000000000100010001100000000010001000000000010111111111111111
0000100010000001000000000000000001100110001000000111111111111111
1000000000001001000000100100000000110000000011000111111111111111
0000001001000010000000001000010000000001100110000111111111111111
0100000010000000000010001000100000010100000000110111111111111111
0100000001000000001000000001100000000110000000011111111111111111
0000100010000000000100010000000001100110001000000111111111111111
0001000100000000001000100000000001000100000010001111111111111111
0000001000100010000000001000010001000101000010000111111111111111
0100000001000000000010001000100000000100000000110111111111111111
0100010001000000000010001000000100010000000000100111111111111111
0000100010000000000100010000000001100110001000000111111111111111
0001000100000000001000100000000001000100000010001111111111111111
0001000100000000001000100000000001001100000000001111111111111111
0000100010000000000100010000000001100110001000000111111111111111
0100000001000000000110001000000100010000000000100111111111111111
0000010001000000000010001000100000000001000100000111111111111111
1000000000010001000000000010001000001000000001001111111111111111
0000010001000000000010001000100000001100000000100111111111111111
0000100010000000000100010000000001100110001000000111111111111111
0100000000000110000000001000010000000001100010000111111111111111
0100000010000000000110011000100000000100000000100111111111111111
0100010001000000000010001000100000000101000000100111111111111111
0001000100000010000000000000000001001100000000001111111111111111
0000010001000000000010001000100000000001000100000111111111111111
0100000001000000000110001000100000010001000000100111111111111111
0100000000001000100000000011000100010000000000100111111111111111
0001000100000010000000001000010001000100000010001111111111111111
0000001000100000000101000000010000000001100010000111111111111111
0000010011000000001000000001100000000110001000000111111111111111
0000010011000000000000000011000100000001001000000111111111111111
0001000110000000000010100000000001100100001000000111111111111111
0001000100000010000000100000000011001100000000001111111111111111
0100000000001000100001000000000000100011000100000111111111111111
0100000010001000000000000001000100010000000010100111111111111111
0000100010000000000100010000000001100110001000000111111111111111
0001000110000000000010100000000001100100001000000111111111111111
0000010011000000000100100000000000100011001000000111111111111111
0000000011000000000100010000000000100011001000000111111111111111
0000010001100010000000000001000010001100000000001111111111111111
1000000000010001000000100000000001100110001000000111111111111111
0100000011000000000110001000100000010001000000100111111111111111
0100000000001000100000000011000100010000000000100111111111111111
0100000011000000000110001000100000010001000000100111111111111111
0100000000100000000011000000001000000001100100000111111111111111
0100010001000000000010001000100000000101000000100111111111111111
1000000011000000000100010000000000101010000001000111111111111111
0000011001000010000000100000000100000101000000001111111111111111
0000100110000000000100000010001000110000000001000111111111111111
0100010010000000000010001000100000000101000000100111111111111111
0100000010000000000100010000000000100110001000000111111111111111
0000001000110010000000100000000001000100000010001111111111111111
0001000110000000000010100000000001100100001000000111111111111111
0010000000000100010011001000100000001000000000110111111111111111
0001000100000000001000100000000001000100000010001111111111111111
0100000000001000100000000011000100010000000000100111111111111111
0001000100000010000000000010000001001100000000001111111111111111
0100000000001000000101000000000000110001000010000111111111111111
0001000100000000001000100000000001001100000000001111111111111111
0001000100000000000010100000000001001100000000001111111111111111
0000001000100000000101000000010000000001100010000111111111111111
0000001101000000000100100000010000000000100011000111111111111111
0000001001100010000000001000010000000001100110000111111111111111
0001000100000000000000000010000001001100000000101111111111111111
0000010001000000000010001000100000000001000100000111111111111111
0000011001000010000000100000000100000101000000001111111111111111
0000001000100000000101000000010000000001100010000111111111111111
0000010001000000000010001000100000000001000100000111111111111111
0001000100000010000000100000000011001100000000001111111111111111
0000010011000000000110001000100000000001000000100111111111111111
0000001000100010000000100000000001000101000010001111111111111111
0100000000001000100000000011000100010000000000100111111111111111
0000010001000000000010001000000100011000000000100111111111111111
0001000110000000000010100000000001100100001000000111111111111111
0000100010000001000000000000000001100110001000000111111111111111
0010000000000100010001100000000010001000000000010111111111111111
0100010010000000000010001000100000000101000000000111111111111111
0000001000010010000000000010000000101100000001000111111111111111
0100000010000000000100000010001000110001000001000111111111111111
0000011001000010000000100000000100000101000000001111111111111111
0000001000100010000000001000010001000101000010000111111111111111
0100000000001000100001000000000000100011000100000111111111111111
0001000100000000000010100000000001001100000000001111111111111111
0000001000100010000100000100010000000001000010001111111111111111
0100000010000000000100010000000000100011001000000111111111111111
0000100110000000000100000010001000010000000001001111111111111111
0000010001100010000000000100010000001001000000001111111111111111
0100000000001000100000000011000100010000000000100111111111111111
0000001000110010000000100000000001000100000010001111111111111111
0100000000001000100000000011000100010000000000100111111111111111
0010000000000100010001100000000010001000000000010111111111111111
0100000010000000000100010000000000100011001000000111111111111111
1000000011000000000100010000000000101000000001000111111111111111
1000000001010000000000100010000000101100000001000111111111111111
0100000001000000000100001000110000000011000000001111111111111111
0000100110000000000100000010000000101000000001000111111111111111
0001000100000000000010100000000001001100000000001111111111111111
0000100110000000000100000010001000110000000001000111111111111111
0000100010000000000100010000000001100110001000000111111111111111
0100000010000000000110010000100000010000000001100111111111111111
0000010001000000000010001000100000000001000100000111111111111111
0100010000100000000011000000000010001100000000010111111111111111
1000000001010000000000100010000000101100000001000111111111111111
0000100010000000000100010000000001100110001000000111111111111111
0100000010001000100000000001000100010000000010100111111111111111
0100000001000000000110001000110000000001000000100111111111111111
0100000010000000100000000011000100010000000000100111111111111111
0000010001100010000000000001000010001000000100000111111111111111
0100000000001000100000000011000100010000000000100111111111111111
1000000000010001000000100000000001100110001000000111111111111111
0000010001000000000010001000100000000001000100000111111111111111
0001000000001010000000100000010000000101000010001111111111111111
0000001000100010000000000100010000000001100010000111111111111111
0001000100000010000000000010000001001100000000001111111111111111
1000000000011001000000100000000000100100000001000111111111111111
0000001001000010000000001000010000000001100110000111111111111111
0000010011000000000010001001000100011000000000100111111111111111
0000010001000000000010001000100000000001000100000111111111111111
0000010001000000000010001000000100011000000000100111111111111111
0100010001000000000010001000000100010000000000100111111111111111
1000000100001000010000100000000001100100000010000111111111111111
0001000100000000001000100000000001000100000010001111111111111111
0000100011000000000000000011000100011000000000100111111111111111
0000001000100010000000000100010000000001100010000111111111111111
0001000110000000001000100000000001100100000010000111111111111111
0001000100000010000000001000010001000100000010001111111111111111
0001000100000000001000100000000001000100000010001111111111111111
0000100010000000000100010000000001100110001000000111111111111111
0000010001000010000000001001100000000001000100000111111111111111
0100000001000010000000001010100000000101000000001111111111111111
0000010001000000000010001000100000000001000100000111111111111111
0001000100000010000000000100000001001100000000001111111111111111
0000100010000000000100010000000001100110001000000111111111111111
0000001000100000010001000000000000000001100110000111111111111111
0000010011000000000100100000000000100011001000000111111111111111
0000001001000010000100001000010000000001000010000111111111111111
0000001000110010000000100000000001000100000010001111111111111111
0000001000100010000000010000000001001100000000001111111111111111
0100000001000000000100101000000000110001000010000111111111111111
0100000000001000100000000011000100010000000000100111111111111111
0000100110000000000100000010001000110000000001000111111111111111
0000001100100000000100100000000001000100000010001111111111111111
0000001001100010000000001000010000000001100110000111111111111111
0000010001000010000000000010000100001001000000001111111111111111
0000001000110010000000100000000001000100000010001111111111111111
0000010010000001000000000001100000000110001000000111111111111111
0000010001100010000000000001000010001100000000010111111111111111
0001000100000000001000100000000001000100000010001111111111111111
0100000010000000000100010000000000100011001000000111111111111111
0100000000001000100000000011000100010000000000100111111111111111
0100000010000000000100010000000000100110001000000111111111111111
0100000000001000100000000011000100010000000000100111111111111111
0000100010000000000100010000000001100110001000000111111111111111
0001000100000010000000000010000001001100000000001111111111111111
0100000010001000000000000001000100010000000010100111111111111111
0000010011000000000000000001000100100010001000000111111111111111
1000000000010001000000000010001000000100010001000111111111111111
0000010001000000000010001000100000000001000100000111111111111111
0000010001000000000010001000100000000001000100000111111111111111
0100010010000000000010001000100000000101000000100111111111111111
0001000100000010000000000100000001001100000000001111111111111111
0001000100000000001000100000000001000100000000001111111111111111
0000001100010000000000101000000001000100000010000111111111111111
0001000100000010000000000010000001001100000000001111111111111111
0000010011000000000000000001000100100010001000000111111111111111
0000010001000000000010001000100000000001000100000111111111111111
0000010001100010000000000001000010001100000000010111111111111111
0100000010000000000010001000100000000100000000110111111111111111
0000010001000000000010001000100000000001000100000111111111111111
0000010001000000000010001000100000000001000100000111111111111111
0000001100010000000000101000000001100100000010000111111111111111
0100000000001000100000000011000100010000000000100111111111111111
0000010001000010000000001000000000100001000110000111111111111111
0100000011000000000110001000100000010001000000100111111111111111
0000100010000000000100010000000001100110001000000111111111111111
0001000100000000001000100000000001000100000010001111111111111111
1000000000010001000000100000000001100110001000000111111111111111
1000000000010001000000100000000001100110001000000111111111111111
0100000001000000000110001000110000000001000000100111111111111111
0001000100000000001000100000000001000100000010001111111111111111
0000010001000000000010001000000100011000000000100111111111111111
0000010001000000000010001000000100011000000000100111111111111111
0000010000100010000000000000000011001100000000001111111111111111
0100000000001000100000000011000100010000000000100111111111111111
0000010001000000000010001000100000000001000100000111111111111111
1000100011000000000100010000000000101010000001000111111111111111
0000010001000000000010001000100000000001000100000111111111111111
0000010001000000000110001000100000001001000000100111111111111111
0100000000001000100000000001000100100010001000000111111111111111
1000000000010001000000100000000001100110001000000111111111111111
0100000000001000100000000011000100010000000000100111111111111111
0000100010000000000100010000000001100110001000000111111111111111
1000000100001000010000100000000001100100000010000111111111111111
0100000010000000000100010000000000100011001000000111111111111111
0100000000001110000000001000010000000001000010000111111111111111
0000001000100010000000000100010000000001100010000111111111111111
0001000100000010000000000100000001001100000000001111111111111111
0001000100000000000010100000000001001100000000001111111111111111
0100000000010000000000000010001100010000000000001111111111111111
0001000100000000001000100000000001000100000010001111111111111111
1000000000100000001000100000000001000100000010001111111111111111
0001000100000000001000100000000001000100000010001111111111111111
0010000000000100010001100000000010001000000000010111111111111111
0000010011000000000010000001000100011000000000100111111111111111
0100000001000000000110001000000100010000000000100111111111111111
0100000010000000000100010000000000100011001000000111111111111111
0000010001000000000010001000100000000001000100000111111111111111
0100010000100010000001000000000100000001000010001111111111111111
0100010010000000000010001000100000000101000000100111111111111111
0001000100000010000000000010000001001100000000001111111111111111
0100000000001000100000000011000100010000000000100111111111111111
0000001100100000000000100000000001000100000010001111111111111111
0100000010001000000000000001000100010000000010100111111111111111
0001000100000000001000100000000001000100000010001111111111111111
0001000100000000001000100000000001000100000010001111111111111111
0000100110000000000100000010001000110000000001000111111111111111
0000010001000000000010001000100000000001000100000111111111111111
0000010001000000000010001000100000000001000100000111111111111111
0100000000001000100000000001000100100010001000000111111111111111
0010000000000100010001100000000010001000000000010111111111111111
0100010001000000000010001000100000000101000000001111111111111111
0001000000010010000000000010000001001100000000001111111111111111
0001000100000000000000100010000001001100000000001111111111111111
0010000000000100010011000000100000001000100000010111111111111111
0000001000100000000101000000010000000001100010000111111111111111
0000001011000000000100000010000100010000000000100111111111111111
0000010010000000000000000010000100000100011000100111111111111111
0000001001000010000000001000010000000001100110000111111111111111
0000100110000000000100000010001000110000000001000111111111111111
0000010000100010000001000000000001001001000010001111111111111111
1000000000010001000000100000000001100110001000000111111111111111
0000011000100010000000100000000001000101000010001111111111111111
0000001000100010000000100000000001000101000010001111111111111111
0001000100000000001000100000000001000100000010001111111111111111
0000001000100010000000000100010000000001100010000111111111111111
0000010001000000000010001000100000000001000100000111111111111111
0010000001000000010000000001100010001000000100010111111111111111
0100000010000000000100010000000000100011001000000111111111111111
0001000110000000000010100000000001100100001000000111111111111111
0000001001000010000000000010010100000001000000001111111111111111
0001000100000000001000100000000001000100000010001111111111111111
0000100110000000000100000010001000010000010001000111111111111111
1000000001000000000100100000000000101001000001000111111111111111
0100010010000000000010001000100000000101000000100111111111111111
0000010001100010000000000001000010001100000000010111111111111111
0100010010000000000010001000100000000101000000100111111111111111
0000001001000010000100001000010000000001000010000111111111111111
0100000010000000000010001000100000000100000000110111111111111111
0000010001100010000000001000010000000001000000001111111111111111
0100010001000000000010001000100000000101000000100111111111111111
0000010001000000000010001000100000000001000100000111111111111111
0100000010000000000100010000000000100011001000000111111111111111
0000001100000000010100100000010000000001100010000111111111111111
0100010010000000000010001000100000000101000000100111111111111111
0000010001000000000010001000100000000001000100000111111111111111
0000001100010010000000101000000001100100000010000111111111111111
0100000000001000100000000011000100010000000000100111111111111111
0000100010000000000000010000000001100110001000000111111111111111
0100010010000000000010001000100000000101000000100111111111111111
0000100010000000000100010000000001100110001000000111111111111111
0100000001000000000110001000100000000001000100000111111111111111
0000010001000000000010001000100000000001000100000111111111111111
0000100010000000000100010000000001100110001000000111111111111111
0000100010000000000100010000000001100110001000000111111111111111
0001000110000000000010100000000001100100001000000111111111111111
0000010001000000000010001000100000000001000100000111111111111111
0100000000001000100000000001000100100010001000000111111111111111
0000100110000000000100100000000001100110001000000111111111111111
1000000011000000000100010000000000101000000001000111111111111111
0000001000100010000100000100010000000001000010001111111111111111
0000100010000000000100010000000001100110001000000111111111111111
0100000001000000000110001000100000010001000000100111111111111111
0000010001000000000010001000100000000001000100000111111111111111
0000001000100010000000000100000001001100000000001111111111111111
0001000100000000000000100010000001001100000000001111111111111111
0000100010000000000100010000000001100110001000000111111111111111
0001000100000000000000100000000011001100000000001111111111111111
0100000010000000000100010000000000100011001000000111111111111111
0000010001000010000100001000010000000001000010001111111111111111
