0000001000100010000000001000010000000001100010000111111111111111
0000010001000000000010001000000100010001000100000111111111111111
0001000000000110000000100000000001000101000000001111111111111111
0100000000000100010001000000000010001000000010010111111111111111
0000001000100010000000100000000001000101000000001111111111111111
0000001000100010000000100000000001000101000000001111111111111111
1000000010000000001000000010000000100100000001000111111111111111
0001000100000001000000000010000000100100001000000111111111111111
0000001100000010000000101000000011000100000010000111111111111111
0000010010000000000010001000100000000100000000100111111111111111
1000000100000000001000100000000001100100000001000111111111111111
0000010010000000100000000001000100000001001000000111111111111111
0001000100000001000000000010001000000100000000001111111111111111
0000000000100010000000000001010000000001100110000111111111111111
0000010001000000000010001000100000000001000100000111111111111111
0000010001000000000010001000100000001000000000100111111111111111
0001000100000000001000100000000001000100000000001111111111111111
0000010010000000000010001000100000000001000010000111111111111111
0000010001000010000000000010000100001001000000001111111111111111
0010000100000000001000100000010000000000100001001111111111111111
0000100110000000000100001000000000110000000010000111111111111111
0001000010000000000100000001001000010001000010000111111111111111
0000011100000000010001000000000010001000000010000111111111111111
0000010001000000000010001000100000001000000000100111111111111111
0000001000100010000000100000000011000100000010000111111111111111
0001000100000000000000100000000011000100000000001111111111111111
1000000010000000001000000010000000100100000001000111111111111111
0100000010000000000100010000000000100010001000000111111111111111
0100010001000000000010001000100000000001000000001111111111111111
0000010000000100100000001000100000000001000100000111111111111111
0000010000100010000000001000010000000001000010001111111111111111
0001000100000010000000100000000011001100000000001111111111111111
0000011100000010000000100000000010000100000001000111111111111111
0000010010000000000011000000001100000001000100000111111111111111
1000000100000000000100100000001000000011000000001111111111111111
0000100100000000000100100000000000100110001000000111111111111111
0000100010000000000100010000000000100010001000000111111111111111
0010000000000100010001000000000010001000000000010111111111111111
0000100000000100010001000000010000000000100010000111111111111111
0100000000001000000010001000000100010001000010000111111111111111
0001000100000000001000100000000001000100000000001111111111111111
0000100010000000000100001000000000100100001000000111111111111111
0100000000001000100000000001000100010000000000100111111111111111
0000100010000000000100010000000000100010001000000111111111111111
0000001100000000010000000100010000000000100010000111111111111111
0000001000100010000000100000000001000101000010000111111111111111
0000010001000000000010001000100000000001000100000111111111111111
0000010001000000000010001000100000000001000100000111111111111111
0001000100000010000000000010000000101100000000001111111111111111
1000000000001000100000000001000100000001000100000111111111111111
0000010001000000000010001000100000001000000000100111111111111111
0000100010000000000000000010000000100110001000000111111111111111
0100000010000000000110010000000100010000000000100111111111111111
1000000000001001000000000001000100010000000010100111111111111111
0000001000100010000000100000000001000101000000001111111111111111
0000010010000000100000000001000100000001001000000111111111111111
0001000100000000001000100000000001000100000000001111111111111111
0000011000000010000001000000000110001000000010000111111111111111
0000010001000000000010001000100000000001000100000111111111111111
0000001000100010000000000010010000000101000000001111111111111111
0000010001000010000000001000100000100001000100000111111111111111
0000010000100010000001000000000010001000000010001111111111111111
0001000000000110000000000010010000000101001000000111111111111111
0000001100000010000000100000000011000100000001000111111111111111
0000010001000000000010001000100000000001000100000111111111111111
0001000100000000000100100000000010000100000000001111111111111111
0100000000001000010001000000100000000001000010001111111111111111
0000010001000000000010001000100000000001000100000111111111111111
0000001000100010000000100000000001000101000010000111111111111111
0000010001000000000010001000100000000001000100000111111111111111
0000010010000000000010001000100000000001000010000111111111111111
0001000100000010000000000010000000100101000100000111111111111111
0001000100000000001000100000000001000100000000001111111111111111
0000001000100010000000100000000001000101000010000111111111111111
0000010001000010000000001000010000100001000010000111111111111111
0000010001000000000011000000000100001000000100000111111111111111
0000010000000100100000001000100000000001000100000111111111111111
0000010000000100010001000000000010001000000010000111111111111111
0000010001000000000010001000100000000001000100000111111111111111
0100000000000100000000001000100000000001100010000111111111111111
0001000100000000000010100000000001001100000000001111111111111111
0100000000001100010001000000100000000001000010000111111111111111
0100000000001000000010001000100000000001000110000111111111111111
0000100000000010000000001000000001001100000000001111111111111111
0000010010000000000010001000100000000100000000100111111111111111
0001000100000010000000100000000011000100000000001111111111111111
0000001000100010000000100000000001000101000000001111111111111111
0000010001000000000010001000100000000001000100000111111111111111
0000010010000000001000000001000100010000000010000111111111111111
0000100100000001000000000010000000110000000011000111111111111111
1000000010000000000110010000000100000001000100000111111111111111
0100000000001000000010001000100000000001000110000111111111111111
0001000100000000001000100000010000000100000000011111111111111111
0000000010000000000100010000000000100011001000000111111111111111
0100000000001000000010001000000100010001000010000111111111111111
0000010010000000000010001000100000000100000000100111111111111111
0100000000001000000010001000100000000001000010000111111111111111
0000010001000000000010001000100000000001000100000111111111111111
0000100010000000000000000010000000100110001000000111111111111111
0100000000001000100000000001000100010000000000100111111111111111
0000100010000000000100010000000000100010001000000111111111111111
0000010010000000000010001000100000000001000110000111111111111111
0001000100000000000010000100000001001100000000001111111111111111
0000100010000000000100000001001100010000001000000111111111111111
0000100010000000000100010000000000100010001000000111111111111111
0000100010000000000100010000000000100010001000000111111111111111
0000010000100010000000001000010000000001000010001111111111111111
0000010001000000000010001000100000000001000100000111111111111111
0100000010000000100000000011000100000001001000000111111111111111
0000100000001000100000000001000100010000000100000111111111111111
0010000000000100010001000000100000001000000000110111111111111111
0000001100000010000000100000000011000100000001000111111111111111
0000010010000000000010001000100000000001000010000111111111111111
0000100010000000000100010000000000100010001000000111111111111111
0000010010000000100000000001000100000001001000000111111111111111
0100000000000100010001000000000010000000100010000111111111111111
0000001000100010000000000010010000000101000000001111111111111111
0001000100000010000000000010010000000101000000001111111111111111
0000100010000000000100010000000000110000000001000111111111111111
0000010010000000000010001000100000000100000000100111111111111111
0100000001000000000110001000100000000001000100000111111111111111
0100000010000000000110010000000100010000000000100111111111111111
0100000010000000000100001000000000110001000010000111111111111111
0000001100000000000100100000000010000100000001000111111111111111
0000001000100010000000100000000001000101000000001111111111111111
0000010001000000000010001000100000000001000100000111111111111111
0001000100000000001000100000000001000100000000001111111111111111
0100000000000100000000001000100000000001100010000111111111111111
0010000000001000000010001000100000000001000100000111111111111111
0000010010000000100000001000000000100001001000000111111111111111
0000011000100010000000001000010000000001000010000111111111111111
0000011001000010000000001000010000000001000010000111111111111111
0000010001000010000000001000010000000001000000001111111111111111
0001000100000000000000100000000011001100000000001111111111111111
0000001000100010000000000100010000000000100010000111111111111111
1000000100000000000100100000001000000011000000001111111111111111
0000001100000000010000100000000011000100001000000111111111111111
0001000100000000001000100000000001000100000000001111111111111111
0001000100000010000000000010010000000101000000001111111111111111
0000011000100010000000000100010000000100000010000111111111111111
0010000000001000010001000000000010001000000000001111111111111111
0000100100000001000000000010000000100110001000000111111111111111
0000100010000000000100000001000100010000000010000111111111111111
0000001000100010000000000100010000000000100010000111111111111111
0001000100000010000000100000000011000100000000001111111111111111
0000001000100010000000000100000001001000000010000111111111111111
0000001000100010000000100000000001000101000010000111111111111111
0000100000001000100000001000000000110000000100000111111111111111
0000001100000010000000100000000011000100000001000111111111111111
1000000100000000000100100000000000100100000001000111111111111111
0000100000001000100000001000000000110000000100000111111111111111
0000010001000000000010001000100000000001000100000111111111111111
0000001000100010000000000000000011000100000100000111111111111111
0000001000100010000000100000000001000101000010000111111111111111
0000001000100010000000100000000011000100000010000111111111111111
0000001000100010000000100000000001000101000010000111111111111111
1000000100000000001000100000000001100100000001000111111111111111
0001000100000000000100100000000000100101001000000111111111111111
0001000100000010000000000010000010001100000000001111111111111111
0001000100000010000000000010010000000101000000001111111111111111
0000100100000001000000000010000000100110001000000111111111111111
1000000000010000000100100000000000100110001000000111111111111111
0000010000000100010001000000000010001000000010000111111111111111
1000000000000110000000000010010000000101000001000111111111111111
0000010100000000001000100000000000100100000001000111111111111111
0000010010000000000010001000100000000001000110000111111111111111
0000001000100010000000100000000001000101000010000111111111111111
0000001000100010000000000001010000000001100110000111111111111111
0001000010000000000000000110000000100100001000000111111111111111
1000000100000000000100100000001000000001010001000111111111111111
0000100010000000000100000001000100010000000010000111111111111111
0000010010000000001000000001000100010000000010000111111111111111
0010000000000100010001000000000010001000000000010111111111111111
0000010010000000001000000001000100010000000010000111111111111111
0100000000001000100000000001000100000001001000000111111111111111
0000010010000000000010001000100000000001000010000111111111111111
0100000000001000100000000001000100010000000000100111111111111111
0000100100000001000000001000000001100100001000000111111111111111
1000000100000000001000100000000001100100000001000111111111111111
0000001000100010000000000100010000000000100010000111111111111111
1000000100000000001000100000000001100100000001000111111111111111
0001000100000010000000000010010000000101000000001111111111111111
0100000010000000000100000001000100010000000010100111111111111111
0100000000001000000010001000100000000101000100000111111111111111
0000100010000000000100000001001100010000001000000111111111111111
0000001000100010000000000100010000000000100010000111111111111111
0000010001000000000010001000100000001000000000100111111111111111
1000000000010000000100100000000000100110001000000111111111111111
0000100010000010000000000010000000100100000001000111111111111111
0000010000100010000000100000000000100101000000001111111111111111
0100000000001000000010001000100000000101000100000111111111111111
0000010001000010000000001000100000100001000100000111111111111111
0000001000100010000000000100010000000100000000010111111111111111
0000010000100010000000000100000001001100000000001111111111111111
0010000100000000001000100000010000000000100001001111111111111111
0000001000100010000000100000000001000001000010000111111111111111
0001000100000000000100100000000000100101001000000111111111111111
0000010001000000000010001000100000000001000100000111111111111111
1000000100000000000100001000000000100001000110000111111111111111
0000001000100010000001000000000001000001000110000111111111111111
0100000000001010000000100000000000100101000001000111111111111111
0000010000100010000000000001000010001000000010000111111111111111
0100000000001000000010001000000100010001000010000111111111111111
0000001000100010000000001000010001000001000010000111111111111111
0000010001000000001000000001000100010000000100000111111111111111
0001000100000010000000000010010000000101000000001111111111111111
0000001000100010000000100000000001000101000010000111111111111111
0000100010000000000100010000000000100010001000000111111111111111
0000010001000000000010001000100000000001000100000111111111111111
0000010100000000001000100000000000100100000001000111111111111111
0001000100000000000100100000000000100101001000000111111111111111
0001000100000000000100100000000000100101001000000111111111111111
0000100100000001000000000010000000100110001000000111111111111111
0100000000000100010001000000000010000000100010000111111111111111
1000000010000000000010000010000100000100000000100111111111111111
0000001100000010000000101000000001000100000010000111111111111111
0100000010000000000100010000000000100011001000000111111111111111
0000010000000110000000001000100000000001000110000111111111111111
0100000000001100010001000000100000000001000010000111111111111111
0000010010000000000010001000100000000001000110000111111111111111
0010000000100010000000000100000001001000000000001111111111111111
0000100010000000000100000001001100010000001000000111111111111111
0000010000100010000000000100000001001100000000001111111111111111
0001000100000010000000000100000001001100000000001111111111111111
0000010010000000000010010000000100010000000000100111111111111111
0100000001000000001000000001100000000010000000011111111111111111
0000010010000000000010001000100000000001000010000111111111111111
0001000100000000001000100000010000000000100010001111111111111111
1000000100000000001000100000000001100100000001000111111111111111
0000010001000000000010001000100000001000000000100111111111111111
0100000000001000100000000001000100000001001000000111111111111111
1000000000010000000100100000000000100110001000000111111111111111
0100000001000000000011000000000100001000000000110111111111111111
0001000100000000001000100000000001000100000000001111111111111111
0100000000000100010001000000100000000001100010000111111111111111
0000100010000000000100001000000000110000000010000111111111111111
0100000000000100010001000000000010001000000010010111111111111111
0000010001000000000010001000100000001000000000100111111111111111
0000100000000010000000001000000001001100000000001111111111111111
0000010000100010000000000001000010001000000010000111111111111111
0000000010000000000100010000000000100011001000000111111111111111
0001000100000000001000100000010000000100000000011111111111111111
0000010000000010000000000001000100001000000010000111111111111111
0000100000100010000000000010010000000100000000001111111111111111
0001000100000000001000100000000001000100000000001111111111111111
0001000100000000000000100000000011000100000000001111111111111111
0001000100000000001000000010010000000100000000001111111111111111
0000001000100010000001000000000001000001000110000111111111111111
0000100100000001000000000010000000110000000011000111111111111111
0000010010000000000010001000100000000100000000100111111111111111
0100000010000000000110010000000100010000000000100111111111111111
0000010001000010000000001001100000000001000100000111111111111111
0000010010000000000010001000100000000001000010000111111111111111
0000001000100010000000001000010001000001000010000111111111111111
0000011000100010000001000000000110001000000010000111111111111111
0000011000100010000000000100000100001000000010000111111111111111
0010000000001000010000000001100010001000000100000111111111111111
0001000100000000000010000100000001001000000010000111111111111111
0000100000001000100000000001000100010000000100000111111111111111
0100000001000000000110001000100000000001000100000111111111111111
0000011000100010000000001000010000000001000010000111111111111111
0000001000100000000011000000000000000001100110000111111111111111
0001000100000000000000100000000011000100000000001111111111111111
0000000010000000000100010000000000100011001000000111111111111111
0001000100000000001000100000000001000100000000001111111111111111
0000001100000010000000100010000000100100000001000111111111111111
0000001000100010000000000100010001000100000010000111111111111111
0010000100000000001000100000010000000000100001001111111111111111
0000000010000000000100010000000000100011001000000111111111111111
0000010000100010000001000000000010001000000010001111111111111111
0000100100000000000100100000001000010000000001001111111111111111
0000001000100010000000100000000001000001000010000111111111111111
0000010010000000001000000001000100010000000010000111111111111111
1000000010000000001000000010000000100100000001000111111111111111
1000000010000000000100010000000000100010000000100111111111111111
0000001100000010000000101000000001000100000010000111111111111111
0000000010000000000100010000000000100011001000000111111111111111
0001000100000000000100100000000000100101001000000111111111111111
0100000000001000000010001000100000000001000110000111111111111111
0000000010000000000100010000000000100011001000000111111111111111
0000001000100010000000100000000001000101000010000111111111111111
0001000100000000001000100000000001000100000000001111111111111111
0000001000100010000000100000000011000100000010000111111111111111
1000000100000001000000000011001000000100000001000111111111111111
0000010001000010000000001001100000000001000100000111111111111111
0001000100000000001000100000000001100100000010000111111111111111
0100000000001000100000000001000100010000000000100111111111111111
1000000100000000000100000001001000000010000100000111111111111111
0000100100000000000100100000000000100100000001000111111111111111
0000000010000000010000000010000000100101001000000111111111111111
0000010000100010000000001000010000000001000010001111111111111111
0000010001000000000010001000100000000001000100000111111111111111
0001000100000000000100100000000000100101001000000111111111111111
0000100010000000000100000001000100010000000010000111111111111111
0000010001000000000010001000100000001000000000100111111111111111
1000000000010001000000000010000000100100000001000111111111111111
1000000000001000100000000001000100000001000100000111111111111111
0000001100000010000000101000000001000100000010000111111111111111
0001000100000010000000000100000001001100000000001111111111111111
0000001100000000000100100000001000000011000000001111111111111111
0100000010000000000100000001000100010000000010100111111111111111
0100000001000000000110001000100000000001000100000111111111111111
0000001000100010000000000100010000000000100010000111111111111111
0000010010000000100000000001000100000001001000000111111111111111
0100000000000100010001000000000010000100000000010111111111111111
0000010010000000000010001000100000000001000010000111111111111111
0000001000100010000000000100000001001000000010000111111111111111
0000010001000000000010001000100000000001000100000111111111111111
0100010000000110000000001000100000000001000010000111111111111111
0000010001000000000010001000100000001000000000100111111111111111
0000100100000000000100100000000000100110001000000111111111111111
1000000100000000001000100000000001100100000001000111111111111111
0000010001000000000010001000100000000001000100000111111111111111
0000010001000000000010001000100000000001000100000111111111111111
0000001000100010000000100000000011000100000010000111111111111111
0001000100000010000000100000000011001100000000001111111111111111
0000001000100010000000100000000001000001000010000111111111111111
0000010001000000000010001000100000001000000000100111111111111111
0000001100000000000100100000000010000100000001000111111111111111
0000100010000000000100000001000100010000000010000111111111111111
0100000000001010000000001001100000000001000010000111111111111111
0000001100000000000100100000000010100100000001000111111111111111
0000100010000000000010010000000001000010001000000111111111111111
0000010010000000001000000001000100010000000010000111111111111111
0000100000100010000000000010010000000100000000001111111111111111
0100000010000000000110010000000100010000000000100111111111111111
0100000010000000000110010000000100010000000000100111111111111111
0000010010000000010001000000000000100001000010000111111111111111
0000010001000000000010001000100000000001000100000111111111111111
0000010010000000000010001000100000000100000000100111111111111111
0000010001000000000010001000100000000001000100000111111111111111
0100000000001000100000000001000100010000000000100111111111111111
0000100010000000000100000001001100010000001000000111111111111111
0000100010000000000000000010000000100110001000000111111111111111
0000010010000000000010001000100000000001000010000111111111111111
0000010000100010000000001000010000000001000010001111111111111111
0000010001000000000010001000100000001000000000100111111111111111
0000001000000100010001000000010000000001100010000111111111111111
0000010000000100100000001000100000000001000100000111111111111111
0000100010000000000100000001000100010000000010000111111111111111
0100000001000000000010001000100000000001000000010111111111111111
0000100010000000000100010000000000100010001000000111111111111111
0100000010000000000010001000100000000100000000110111111111111111
0000001000100010000001000000000001000001000110000111111111111111
0000100010000000000000000010000000100110001000000111111111111111
0100000000000100000000001000100000000001100010000111111111111111
0000001000100010000000100000000011000100000000001111111111111111
0000010001000010000000000001000110001000000000001111111111111111
0000100010000000000000000010000000100110001000000111111111111111
1000010010000000000010000001000100000100000000100111111111111111
0001000100000000001000000010010000000100000000001111111111111111
0000010001000010000000001001100000000001000100000111111111111111
0100000000001000100000000001000100010000000000100111111111111111
1000000000001001000000000001000100010000000010100111111111111111
0100000000010000000100010000000000100010001000000111111111111111
0010000100000000001000100000010000000000100001001111111111111111
0100000100000000000100000001001000000010000000001111111111111111
0000010010000000100000000001000100000001001000000111111111111111
0100000010000000000010001000100000000100000000110111111111111111
0000010001000010000000001000010000000001000000001111111111111111
0000010001000000000010001000100000001000000000100111111111111111
0000010010000000000010001000100000000001000110000111111111111111
0000010100000000001000100000000000100100000001000111111111111111
0000001100000000000100100000001000000010000000001111111111111111
0000001100000000010000100000000010000100000000010111111111111111
0000001000100010000000100000000001000101000000001111111111111111
0100000001000000000110001000100000000001000100000111111111111111
0100000000000100010001000000000010001000000010010111111111111111
0000010000000100010001000000000010001000000010000111111111111111
0000010001000000001000000001000100010000000100000111111111111111
0000010001000000000010001000100000000001000100000111111111111111
0000010010000000000010001000100000000001000010000111111111111111
0000100010000000000100010000000000100010001000000111111111111111
0100000000001000000010001000100000000001000010000111111111111111
0000010001000010000000000001000110001000000000001111111111111111
0000100010000000000100010000000000100010001000000111111111111111
0000001010000000000100010000100000010000000001100111111111111111
0000100010000000000100000001000100010000000010000111111111111111
0100010001000000000010001000100000000001000000001111111111111111
0100000000001000100000000001000100010001000010000111111111111111
0100000010000000100000000011000100000001001000000111111111111111
0000100010000000000100010000000000100010001000000111111111111111
0000100010000000000100010000000000100010001000000111111111111111
0000100010000000000100010000000000100010001000000111111111111111
1000000010000000000100010000000000100010000001000111111111111111
0000010000000100100000001000100000000001000100000111111111111111
0000010001000000000010001000100000000001000100000111111111111111
0000001000100010000000100000000001000101000000001111111111111111
0000010001000000000010001000100000000001000100000111111111111111
0000011000100010000001000000000010001000000010000111111111111111
0001000100000000001000100000000001000100000000001111111111111111
0100000000000100010001000000000010000100000000010111111111111111
0100000000001000000010001000100000000101000100000111111111111111
0000100010000000000100010000000000100010001000000111111111111111
1000000000001000100000000001000100000001000100000111111111111111
0100000001000000000100001000000000100001001000000111111111111111
0100000010000000000110010000000100010000000000100111111111111111
0000010001000000000010001000100000000001000100000111111111111111
0001000100000000001000100000000001000100000000001111111111111111
1000000010000000000100010000000000100011000000001111111111111111
0100000001000000000110001000100000000001000100000111111111111111
0000001000100010000000100000000001000101000000001111111111111111
0001000100000010000000000100000001001100000000001111111111111111
1000000100000000000100100000000000100001000011000111111111111111
0000010001000010000000001000010000000001000000001111111111111111
0001000100000000001000100000000001000100000000001111111111111111
0000001100000010000000000100010000000000100011000111111111111111
0001000000000110000000000010010000000001000010000111111111111111
0000011000100010000000001000010000000001000010000111111111111111
0000100000001000100000001000000000110000000100000111111111111111
0100000000000110000000001000100000000001100010000111111111111111
0001000100000000001000100000000001000100000000001111111111111111
0001000100000000001000100000000001000100000000001111111111111111
0000100100000000000100100000001000010000000001001111111111111111
0000010001000010000000001000010000000001000000001111111111111111
0001000100000000000100100000000000100101001000000111111111111111
0000001000100010000001000000000011001000000010000111111111111111
0000010001000000000010001000100000000001000100000111111111111111
0100000000001000000010001000100000000001000010000111111111111111
0100000000000100010001000000000010001000000010010111111111111111
0100000010000000000010001000100000000100000000110111111111111111
0000100100000000000100100000000000100110000000001111111111111111
0000010001000000000010001000100000000001000100000111111111111111
0000001000000100010001000000010000000001100010000111111111111111
0000010010000000000010001000100000000100000000100111111111111111
0000100100000000000100100000000000100110001000000111111111111111
0000010100000001000000000100001000110000000001000111111111111111
0100000001000000000110001000100000000001000100000111111111111111
0000001000100010000001000000000001000001000110000111111111111111
1000000100000000001000100000000001100100000001000111111111111111
0001000100000010000000000010010000000101000000001111111111111111
0000100010000000010000000010000000100100001000000111111111111111
0000001000100010000000000010010000000101000000001111111111111111
0000010000100010000000001000010000000001000010001111111111111111
0000001100000010000000101000000001000100000010000111111111111111
0000001100000000000100100000001000000011000000001111111111111111
0000010010000000000010001000100000000100000000100111111111111111
0000100010000000000100010000000000100010001000000111111111111111
0000010001000000000010001000100000000001000100000111111111111111
0000010010000000000010001000100000000001000110000111111111111111
0000001000100010000001000000000001000001000110000111111111111111
0000010001000000000010001000100000000001000100000111111111111111
0000001100000000000100100000000010000100000001000111111111111111
0000001000100010000000000100010000000000100010000111111111111111
0010000000001000010000000001100010001000000100000111111111111111
0000001000100010000000001000010000000001100010000111111111111111
0000100100000001000000001000000001110000000010000111111111111111
0001000100000010000000000110010000000100000000001111111111111111
0000001100000000010000101000010000000001100010000111111111111111
0100000010000000000100000001001000000011001000000111111111111111
0000010001000000000010001000100000000001000100000111111111111111
0000011000100010000001000000000110001000000010000111111111111111
0000001000100010000000100000000001000101000010000111111111111111
0001000000000110000000000010010000000101001000000111111111111111
0100000010000000000100000001000100010000000010100111111111111111
0100000100000000000100000001001000000010001000000111111111111111
0000010000100010000001000000000010001000000010001111111111111111
0000100010000000000100000001000100010000000010000111111111111111
0000100100000010000000001000000001001100000000001111111111111111
0100000010000000000100000001100000000110000000100111111111111111
0100000000001000100000001000000000110001000100000111111111111111
1000000010000000000100010000000100000000010000100111111111111111
0000001000100010000000100000000001000101000010000111111111111111
0000010001000000000010001000100000000001000100000111111111111111
0000100000001000100000000001000100010000000100000111111111111111
0000010010000000000010001000100000000100000000100111111111111111
0000100100000000000100100000000000100100000001000111111111111111
0000001000100010000000100000000001000101000010000111111111111111
0000100010000000000100000001001100010000001000000111111111111111
1000000000001001000000010000000000110000000001000111111111111111
1000000010001010000000000001000100000001000010000111111111111111
1000000010000000000100010000000000100011000000001111111111111111
0000100010000000100000001000000000110000000000010111111111111111
0001000100000010000000000010000000101100000000001111111111111111
0000001000100010000000000100010000000000100010000111111111111111
0000010010000000000010001000100000000001000010000111111111111111
0100000000001000100000000001000100010000000000100111111111111111
0000010001000000000010001000100000000001000100000111111111111111
0000001000100000001000100000000001010000000010000111111111111111
0001000100000000000100100000000000100101001000000111111111111111
0000010000000110000000001000010000000001000010000111111111111111
0000001000100010000000100000000001000101000000001111111111111111
0000010000000110000000001000100000000001000110000111111111111111
0000001100000000010000100000010000000001100010000111111111111111
0000001100000000001000100000000001000110000000001111111111111111
0000010001000000000010001000100000001000000000100111111111111111
1000000000001000100000000001000100000001000100000111111111111111
0100010001000000000010001000100000000001000000001111111111111111
0100000010000000000110010000000100010000000000100111111111111111
0000100010000000000100010000000000100010001000000111111111111111
0000000000100010000000100000000001000101000000001111111111111111
1000000100000000001000100000000001100100000001000111111111111111
0100000001000000000110001000100000000001000100000111111111111111
1000000000010000000100100000000000100110001000000111111111111111
0000010001000000000010001000100000000001000100000111111111111111
0000010010000000000010001000100000000001000010000111111111111111
0100000000000110000000001000000010000100000000010111111111111111
0000001000100010000000100000000001000001000010000111111111111111
0000010001000000000010000100100000001000000001000111111111111111
0100000010000000000010001000100000000100000000110111111111111111
0000010010000000000010001000100000000100000000100111111111111111
0000010010000000000010001000100000000100000000100111111111111111
0100000001000000000010001000100000000001000000010111111111111111
0010000000001000010001000000000010001000000000001111111111111111
1000000000001010000000000001000100000001000110000111111111111111
0000100100000010000000001000000001001100000000001111111111111111
1000000010000000000100010000000000100011001000000111111111111111
0100000010000000000110010000000100010000000000100111111111111111
0000001001000010000000000001000100000000100100000111111111111111
0001000100000000000010000100000001001000000010000111111111111111
0000001100000010000000000110010000000100000001000111111111111111
0001000100000000000100100000000000100101001000000111111111111111
0000001100000000010000000010010000000101000000001111111111111111
0000010000000100010001000000000010001000000010000111111111111111
1000000000001000100000000001000100000001000100000111111111111111
0000010010000000000010001000100000000100000000100111111111111111
0000100010000000000100010000000000100010001000000111111111111111
0000010001000000000010001000100000000001000100000111111111111111
0000010001000000000010001000100000000001000100000111111111111111
0000010010000000000010001000100000000001000010000111111111111111
0000011000100010000001000000000010001000000110000111111111111111
0000001010000000010101000000010000000001000010000111111111111111
0000001000100010000000000100000001001000000010000111111111111111
0000100010000000000100000001000100010000000010000111111111111111
0000100000001000100000001000000000110000000100000111111111111111
0000001000100010000000000100010000000000100010000111111111111111
0100000010000000000010001000100000000101000000010111111111111111
0000010000100010000000000001000010001000000110000111111111111111
0000011000100010000001000000000010001000000010000111111111111111
0000010001000000000010001000100000000001000100000111111111111111
1000000010000010000000000010000000100101000001000111111111111111
0100000000000100010001000000100000000001100010000111111111111111
0100000010000000000100010000000000100010001000000111111111111111
1000000000000110000000000010010000000101000001000111111111111111
0001000100000010000000000010000000101100000000001111111111111111
0100000100000000000100000001001010000010001000000111111111111111
0000100010000000000100000001000100010000000010000111111111111111
0010000000001000000010001000100000000001000100000111111111111111
0001000100000000000100100000000000100101001000000111111111111111
0000100100000001000000000010000000100110001000000111111111111111
0000010010000000100000000001100000000011000100000111111111111111
0000100010000000000100000001000100010000000010000111111111111111
0001000100000000001000100000000001000100000000001111111111111111
0000001000100010000000100000000001000001000010000111111111111111
0000010000000110000000001000100000000001000110000111111111111111
0000010001000000000010001000100000000001000100000111111111111111
0001000100000000001000100000000001000100000000001111111111111111
0000010010000000001000000001100000000110001000000111111111111111
0000011100000000010001000000000010001000000010000111111111111111
0100000000001000100000000001000100010000000000100111111111111111
0000001100000000010000100000010000000001100010000111111111111111
0000100010000000000100010000000000100010001000000111111111111111
0100000001000000000010000001000100010000000000010111111111111111
0000010001000000000010001000100000001000000000100111111111111111
0000001100000010000000101000000001000100000010000111111111111111
0000001000100010000000100000000001000101000010000111111111111111
1000000000100010000000100000000001100101000010000111111111111111
0000010000100010000000001000010000000001000010001111111111111111
0100010001000000000010001000100000000001000000001111111111111111
0000011000000010000001000000000100001000000010000111111111111111
0000010010000000000010001000000100010001000010000111111111111111
0001000100000010000000000010010000000101000000001111111111111111
0000001100000000010000000100000001001000000010000111111111111111
0100000000001000000010001000100000000001000110000111111111111111
0001000100000000001000100000000001100100000010000111111111111111
0010000100000000001000100000010000000000100001001111111111111111
0100000000001000010001000000100000000001000010001111111111111111
0000010000100010000000001000010000000001000010001111111111111111
0000001000100010000000100000000001000101000010000111111111111111
0100000010000000000100001000000000110001000010000111111111111111
0000010001000000000010001000100000001000000000100111111111111111
0000100010000000000100010000000000100010001000000111111111111111
0000001001000010000000000001000110000000100100000111111111111111
0000100010000000000100000001001100010000001000000111111111111111
0100000000000100010001000000000010000100000000010111111111111111
0000010001000000000010001000100000000001000100000111111111111111
0001000100000010000000000010000000101100000000001111111111111111
0000010010000000001000000001000100010000000010000111111111111111
0000010010000000000010001000100000000100000000100111111111111111
1000000100000000000100100000001000000001010001000111111111111111
0000010001000000000010001000100000001000000000100111111111111111
0100000010000000000110010000000100010000000000100111111111111111
0000001000100010000000100000000001000101000010000111111111111111
0000001100000001000000000010000010000100000001000111111111111111
0000010010000000001000000001000100010000000010000111111111111111
0000100010000000000100010000000000100010001000000111111111111111
0000010010000000000010001000100000000100000000100111111111111111
0100000000001000000010001000100000000001000010000111111111111111
0000100100000001000000000010000000110000000011000111111111111111
1000000000001000100000000001000100000001000100000111111111111111
0000100100000001000000000010001000000100000001001111111111111111
0000011000100010000000001000010000000001000110000111111111111111
0001000100000000001000100000000001000100000000001111111111111111
0100000000001010000000001001100000000001000010000111111111111111
0001000100000010000000100000000011000100000000001111111111111111
1100000000001000000010001000000100000001000010000111111111111111
0100000010000000000100010000000000100010001000000111111111111111
0010000000001000010001000000000010001000000000001111111111111111
0100000010000000100000000011000100000001001000000111111111111111
1000000010000000000110010000000100000001000100000111111111111111
0000010001000000000010001000100000000001000100000111111111111111
0000010001000000000010001000100000000001000100000111111111111111
0001000100000000000100100000000000100101000000001111111111111111
0001000100000010000000000100000001001100000000001111111111111111
0000001000100010000000100000000001000101000000001111111111111111
0000001100000000010000100000010000000001100010000111111111111111
0000001000100010000000100000000001000001000010000111111111111111
0000010001000000000010001000100000000001000100000111111111111111
0000010001000000000010001000100000000001000100000111111111111111
0000001100000000000000100000000011000100000001000111111111111111
0100000000001000100000000001000100010000000000100111111111111111
0001000100000010000000100000000011001100000000001111111111111111
0000010000000100010001000000000010001000000010000111111111111111
0010000000000100010001000000000010001000000000010111111111111111
0000010010000000010001000000000000100001000010000111111111111111
0000010001000010000000001000010000000001000000001111111111111111
0000010001000010000000001000010000000001000000001111111111111111
0000001100000000010000000100010000000000100010000111111111111111
0000001100000000001000101000000001000100000010000111111111111111
0100000000001000000010001000100000000101000100000111111111111111
0001000100000010000000100000000011000100000000001111111111111111
0000001100000010000000000100010000000000100011000111111111111111
0000100010000000000100000001000100010000000010000111111111111111
1000000010000000001000000010000000100100000001000111111111111111
0001000100000000001000100000000001100100000010000111111111111111
0100000000000100010001000000100000000001100010000111111111111111
0000010001000000000010001000100000000001000100000111111111111111
1000000000001000100000001000000000100001000100000111111111111111
0100000001000000000100001000000000100001001000000111111111111111
0100000010000000000100010000000000100011001000000111111111111111
1000000000010001000000000010000000100100000001000111111111111111
0010000000001000000010001000100000000001000100000111111111111111
0100000010000000000100000001000100010001000010000111111111111111
0000010010000000100000000001000100000001001000000111111111111111
0010000000000100010001000000000010001000000000010111111111111111
0100000001000000000110001000100000000001000100000111111111111111
0000010000000100100000001000100000000001000100000111111111111111
0000100010000000000100010000000000100010001000000111111111111111
0100000001000000000010001000100000000001000000010111111111111111
0000001000100010000000100000000001000001000010000111111111111111
0000001000000100010001000000010000000001100010000111111111111111
0000100110000000000100000001001000000010000000001111111111111111
1000000000010001000000000010000000100100000001000111111111111111
0010000100000000001000100000010000000000100001001111111111111111
0000100100000001000000001000000001100100001000000111111111111111
0000011100000000010001000000000010001000000010000111111111111111
0000010001000000000010001000100000000001000100000111111111111111
0100000000010000000100010000000000100010001000000111111111111111
0100000000001000100000000001000100000001001000000111111111111111
1000000010000010000000000110000000100100000001000111111111111111
0001000100000010000000100000000011000100000000001111111111111111
0000010001000000000010001000100000000001000100000111111111111111
0100000000001100010001000000100000000001000010000111111111111111
0000001000100010000000100000000001000001000010000111111111111111
0000010001000000000010001000100000000001000100000111111111111111
0000001100000000001000101000000001000100000010000111111111111111
0000010000000100100000001000100000000001000100000111111111111111
0000010000000100010001000000000010001000000010000111111111111111
0100000000000100010001000000000010001000000000010111111111111111
0000010010000000000010001000100000000100000000100111111111111111
1000000000001001000000000001000100010000000010100111111111111111
0000100010000000000100010000000000100010001000000111111111111111
0000010010000000100000000001100000000011000100000111111111111111
0000010001000000000010001000100000001000000000100111111111111111
0000001000100010000000100000000001000101000010000111111111111111
0000010001000000001000000001000100010000000100000111111111111111
0001000100000000000100100000000000100101001000000111111111111111
0000010000100010000001000000000010001000000010001111111111111111
0100000001000010000000000011000100000001001000000111111111111111
0000010010000000000011000000000100001000000010000111111111111111
0000001100000010000000100000000011000100000001000111111111111111
0000001100000000000100100000001000000011000000001111111111111111
0001000100000000000000100010000000100101001000000111111111111111
0000010001000000000010001000100000001000000000100111111111111111
0100000000001000000010001000100000000101000100000111111111111111
0000001100000000000000100000000011000100000001000111111111111111
0100000001000010000000000011000100000001001000000111111111111111
0000010000000001000000000100000000100110001000000111111111111111
0000010001000000000010001000100000000001000100000111111111111111
0000010010000000100000001000000000100001001000000111111111111111
0100000000000100010001000000000010000000100010000111111111111111
0000001000100010000000100000000001000001000010000111111111111111
1000000000010000000100100000000000100110001000000111111111111111
0000100100000001000000000010001000000100000001001111111111111111
0000100000001000100000000001000100010000000100000111111111111111
1000000000001000100000000001000100000001000100000111111111111111
0000100000000100010001000000000001001000000010000111111111111111
0000010000000110000000001000100000000001000110000111111111111111
0000010001000000000010000001000100000001001100000111111111111111
0000010001000000000010001000100000000001000100000111111111111111
0000100001000000000010001000000001010000000100000111111111111111
0000001000100010000000000100010000000000100010000111111111111111
0000001100000010000000101000000001000100000010000111111111111111
0000100010000000000100000001001100010000001000000111111111111111
0000001000100010000000100000000011000100001000000111111111111111
1000000100000000000100010000000000100010000100000111111111111111
0000001000100010000000000001010000000001100110000111111111111111
0001000100000010000000000010000000101100000001000111111111111111
0000000010000000000110010000000100010000000000100111111111111111
0001000100000010000000000010010000000101000000001111111111111111
0000100100000000000100100000000000100110001000000111111111111111
0000001000010010000000101000000001000100000010000111111111111111
0000010001000010000000001000000010001000000000001111111111111111
0000010000000110000000001000100000000001000110000111111111111111
0000001100000000000000100000000011000100000001000111111111111111
0000001000100010000000001000010000000001100010000111111111111111
0100000001000000000010001000100000000001000000010111111111111111
0001000100000001000000000010000010000100000000001111111111111111
0000001100000000010000100000010000000001100010000111111111111111
0000010000100010000000000100010000001000000010001111111111111111
0000001100000010000000100000000011000100000001000111111111111111
0000100100000010000000001010010000000100000000001111111111111111
0000001100000010000000101000000001000100000000001111111111111111
0000000010000000010000000010000000100101001000000111111111111111
0000100010000000000100010000000000100010001000000111111111111111
0000001100000000000100100000000010100100000001000111111111111111
0100000000001000000010001000100000000001000110000111111111111111
0100000000010000000100010000000000100010001000000111111111111111
0001000100000000001000100000000001000100000000001111111111111111
0000010001000000000010001000100000001000000000100111111111111111
0001000100000000001000100000000001000100000000001111111111111111
0000100000001000100000000001000100010000000100000111111111111111
0000100000000001000000000010000000100110001000000111111111111111
0000001000100010000000100000000001000001000010000111111111111111
0000010001000010000000001000010000000001000000001111111111111111
0000100010000000000100010000000000100010001000000111111111111111
0001000100000000001000100000000001000100000000001111111111111111
1000000100000000001000100000000001100100000001000111111111111111
0100000001000000000110001000100000000001000100000111111111111111
0000001000100010000000100000000001000101000010000111111111111111
0000010000010001000000100000000000100110001000000111111111111111
0000001000100010000000100000000001000101000000001111111111111111
0000010001000000000010001000100000000001000100000111111111111111
0100000000000100010001000000000010000000100010000111111111111111
0100000000000100010001000000000010000100000000010111111111111111
0100000010000000000010001000100000000100000000110111111111111111
0001000100000010000000000100000001001100000000001111111111111111
0000100010000000000100000001000100010000000010000111111111111111
0000100010000000000100010000000000100010001000000111111111111111
0000010000000100010001000000000010001000000010000111111111111111
0001000100000000001000100000000001000100000000001111111111111111
0000010001000010000000000010000100001001000000001111111111111111
1000000100000000000100100000000000100100000001000111111111111111
0001000100000001000000000010000000100100001000000111111111111111
0100000000001010000000001000000000100001000010000111111111111111
0100000010000000100000000011000100000001001000000111111111111111
1000000100000001000000000010001000000000010001000111111111111111
0000001100000000010000100000010000000001100010000111111111111111
0100000010000000000100001000000000110001000010000111111111111111
0000010001000000000010001000100000000001000100000111111111111111
0100000000001000100000000001000100010000000000100111111111111111
0000001000010010000000101000000001000100000010000111111111111111
0100000010000000100000000011000100000001001000000111111111111111
0000010010000000000010001000100000000001000010000111111111111111
0100010001000000000010001000000000100001001000000111111111111111
0000001100000000010000000100010000000000100010000111111111111111
0100000000001000000010001000000100010001000010000111111111111111
0000010001000010000000001000010000000001000000001111111111111111
0000100000001000100000001000000000110000000100000111111111111111
0000100100000000000100000001010000000010000000001111111111111111
0000001100000000010000100000000010000100000000010111111111111111
1000000000100010000000100000000001100101000010000111111111111111
0000010000100010000000100000000000100101000000001111111111111111
0000100100000000000100000010001000001000000001001111111111111111
0000001000100010000000100000000001000101000010000111111111111111
0100000001000000000110001000100000000001000100000111111111111111
0000010001000000000010001000100000000001000100000111111111111111
0000100010000000000100010000000000100010001000000111111111111111
0000001100000000010000100000010000000001100010000111111111111111
0000010000000110000000001000100000000001000110000111111111111111
0000100010000000000100000001000100000100001000000111111111111111
0000100010000000000100010000000100110000001000000111111111111111
0000010001000000000010001000100000000001000100000111111111111111
0000010000100010000000001000010000000001000010001111111111111111
0000001000100010000000100000000001000001000010000111111111111111
0000010001000000000010001000100000001000000000100111111111111111
0000010010000000001000000001000100010000000010000111111111111111
0000001100000000000100100000000010000100000001000111111111111111
0000100010000000000100010000000000100010001000000111111111111111
0000010001000000000010001000100000000001000100000111111111111111
0100000001000000000100001000000000100001001000000111111111111111
0000001100000010000000101000000001000100000010000111111111111111
1000000100000000001000100000000001100100000001000111111111111111
0000100010000000010000000010000000100100001000000111111111111111
0001000100000000000000100000000011000100000000001111111111111111
0000001000100010000000100000000001000001000010000111111111111111
0000010000100010000000000001000010001000000110000111111111111111
1000000010001010000000000001000100000001000010000111111111111111
0000100110000000000100000001001000000010000000001111111111111111
0000010010000000001000000001000100010000000010000111111111111111
0010000010000000000110001000100000000001000100000111111111111111
0000010011000000000010000001000100000001001000000111111111111111
0100000010000000000100000001001100010000000000100111111111111111
0000010010000000000010001000100000000001000010000111111111111111
0000001100000000010000100000000010000100000000010111111111111111
1000000100000000001000100000000001100100000001000111111111111111
0000010010000000001000000001000100010000000010000111111111111111
0000100010000000000100000001001000000010001000000111111111111111
0000010000100000000011000000010000000001000010000111111111111111
0000001000100010000000100000000001000101000000001111111111111111
0000010010000000001000000001000100010000000010000111111111111111
0000010001000000000010001000100000001000000000100111111111111111
0000010010000000000010001000100000000100000000100111111111111111
0001000100000000001000100000000001000100000000001111111111111111
0100000100000000000100000001001000000010000000001111111111111111
1000000010000000000110010000000100000001000100000111111111111111
0000001100000000010000100000010000000001100010000111111111111111
0000100100000001000000000010000000100110001000000111111111111111
0100000010000000000010001000100000000100000000110111111111111111
0100000000001000100000000001000100010001000010000111111111111111
0001000100000000001000100000000001000100000000001111111111111111
0000010001000000000010001000100000000001000100000111111111111111
0100000000001000000010001000100000000101000100000111111111111111
0000011001000010000000001000010000000001000010000111111111111111
0000001000100010000000100000000001000101000010000111111111111111
0000001000001010000000100000000010000100000001000111111111111111
0001000100000010000000100000000011001100000000001111111111111111
0000001000000100010001000000010000000001100010000111111111111111
0000001100000000010000100000010000000001100010000111111111111111
0000001000100010000000000100010000000000100010000111111111111111
0001000000000110000000000010010000000101001000000111111111111111
0000010000000110000000001000100000000001000110000111111111111111
1000000000001001000000000001000100010000000010100111111111111111
0001000100000010000000000100000001001100000000001111111111111111
1000000010000000000100010000000000100011001000000111111111111111
0000010001000000000010001000100000000001000100000111111111111111
0001000100000010000000000010000000101100000001000111111111111111
0000001100000000010000100000010000000001100010000111111111111111
0000001000100010000000100000000011000100000010000111111111111111
0100000000000100010001000000000010000000100010000111111111111111
0000010000100010000000001000010000000001000010001111111111111111
0000001000100010000000100000000001000101000010000111111111111111
0000001000100010000000100000000001000101000000001111111111111111
0000001100000000000100100000001000000011000000001111111111111111
0000010001000000000010001000100000000001000100000111111111111111
0000001000100010000000000100010000000000100010000111111111111111
0000100010000000000100010000000000100010001000000111111111111111
0100000000001000000010001000000100010001000010000111111111111111
0000001001000000010001000000000010001000000000010111111111111111
0001000100000000001000100000010000000100000000011111111111111111
0000010001000000000010001000100000000001000100000111111111111111
0001000100000001000000000010001000000100000000001111111111111111
0001000100000010000000000100000001001100000000001111111111111111
0000100000100010000000000010010000000000010010000111111111111111
0000010000100010000000001000010000000001000010001111111111111111
0100000010000000000010001000100000000100000000110111111111111111
0100000001000000000110001000100000000001000100000111111111111111
0000010001000000000010001000100000000001000100000111111111111111
0100000010000000000010001000100000000100000000110111111111111111
0000010010000000000010001000100000000001000010000111111111111111
0001000100000000000000000010001000001001000000001111111111111111
0000100100000000000100100000000000100110001000000111111111111111
0001000100000010000000000100000001001100000000001111111111111111
0000010010000000000010001000100000000001000110000111111111111111
0100000000010000000100010000000000100010001000000111111111111111
0100000000000100000000001000100000000001100010000111111111111111
0100000000001000000010001000100000000101000100000111111111111111
1000000000010001000000000010001000000000010001000111111111111111
0100000001000000000010000001000100010000000000110111111111111111
0000001000100010000000100000000001000101000010000111111111111111
0000100100000000000100000000001000001000000001001111111111111111
0000001000000100010001000000010000000001100010000111111111111111
0000001000100010000000100000000011000100000010000111111111111111
0000010000001000100000000001000100010000000100100111111111111111
0100000000001000100000000001000100010000000000100111111111111111
0001000100000010000000100000000011000100000000001111111111111111
0000001000100010000000100000000001000101000010000111111111111111
0000100010000000000100000001001100010000001000000111111111111111
0000001100000000010000100000010000000001100010000111111111111111
0100000010000000000100010000000000100010001000000111111111111111
0001000100000000001000100000000001100100000010000111111111111111
1000000000001000100000000001000100000001000100000111111111111111
0000010010000000000000000001000100010000000010100111111111111111
0000010000000100010001000000100000000001000110000111111111111111
0000100100000000000100100000000000100110001000000111111111111111
0100000000000100000010001000100000000100000000110111111111111111
0000001100000000010000000100010000000000100010000111111111111111
0100000000001100010001000000100000000001000010000111111111111111
0100000010000000000010001000100000000100000000110111111111111111
0001000100000000000100100000000000100101001000000111111111111111
0001000100000010000000000010010000000101000000001111111111111111
0000100010000000000100010000000000100010001000000111111111111111
0000001100000000000000100000000011000100000001000111111111111111
0000100100000000000100000010001000001000000001001111111111111111
0000010010000000000010001000100000000001000110000111111111111111
0100000000001000100000000001000100010000000000100111111111111111
0000001000100010000000100000000001000101000010000111111111111111
0001000100000010000000000010010000000101000000001111111111111111
0100000001000000000110001000100000000001000100000111111111111111
0000001100000000010000100000010000000001100010000111111111111111
0001000100000000001000000010010000000100000000001111111111111111
0000100000100010000000000010010000000000010010000111111111111111
0000100010000000000100000001001100010000001000000111111111111111
0000001000100010000000100000000011000100000010000111111111111111
0001000000000110000000000010010000000101001000000111111111111111
0000010010000000000010001000100000000001000110000111111111111111
0000010000000010000000000000000100001001000010001111111111111111
0100000001000000000010001000100000000001000000010111111111111111
0000100010000000000100010000000000100010001000000111111111111111
0000001100000000010000100000010000000001100010000111111111111111
1000000100000001000000000010001000000000010001000111111111111111
0000001100000001000000000010000010000100001000000111111111111111
0001000100000000000000100000000011000100000000001111111111111111
0000010001000010000000000001000100000001000100000111111111111111
0000001100000000000100100000000010100100000001000111111111111111
0001000100000000000100100000000000100101001000000111111111111111
0000001100000000010000000100010000000000100010000111111111111111
0000001000100010000000100000000001000101000010000111111111111111
0001000100000010000000000010010000000101000000001111111111111111
0001000100000000001000100000010000000100000000011111111111111111
0001000100000010000000100000000001000100000000001111111111111111
0000010001000000000010001000100000000001000100000111111111111111
0000010001000000000010000001100100001000000000100111111111111111
0000001100000000000100100000001000000011000000001111111111111111
1000000100000000000100100000001000000000010001000111111111111111
0001000100000000000100100000000000100101001000000111111111111111
0000100000000001000000000010000000100110001000000111111111111111
0001000100000000001000100000000001000100000000001111111111111111
0100000010000000000100001000000000100101001000000111111111111111
0000000010000000000100010000000000100011001000000111111111111111
0100000000001000100000001000000000110001000100000111111111111111
0000100010000000100000000001000100010000000000010111111111111111
0100000001000000000110001000100000000001000100000111111111111111
0000011000100010000001000000000010001000000010000111111111111111
0100000000001000100000000001000100010000000000100111111111111111
0100000000000100010001000000000010000000100010000111111111111111
0000001000100010000001000000000001000001000110000111111111111111
0000010001000000000010001000100000000001000100000111111111111111
0000010000000100010001000000000010001000000010000111111111111111
0000011010000000010001000000000000100001000010000111111111111111
1000000100000001000000000110000000100100000001000111111111111111
0100000010000000000100001000000000110001000010000111111111111111
0000100100000000000100100000001000010000000001001111111111111111
0000000100000001000000000110001000110000000001000111111111111111
0000001000100010000000100000000001000101000010000111111111111111
0000010001000000000010001000100000000001000100000111111111111111
0001000100000010000000000010010000000101000000001111111111111111
0001000100000010000000000110001000001000000000001111111111111111
0000100100000000000100100000000000100110001000000111111111111111
0001000100000010000000000010010000000101000000001111111111111111
0000010001000000000010001000100000001001000000001111111111111111
0000100100000001000000000010000000100110001000000111111111111111
1000000100000000000100100000001000000011000000001111111111111111
0000010001000000000010001000100000000001000100000111111111111111
0000010001000000000010001000100000000001000100000111111111111111
0000001000100010000000000001010000000001100110000111111111111111
0000010000000110000000001000100000000001000110000111111111111111
0000001000100010000001000000000010000000100110000111111111111111
0100000010000000000100000001000100010000000010100111111111111111
0000001000100010000000000100000001001100000000001111111111111111
1000000000000101000000000010001000000001000001000111111111111111
0000010010000000010001000000000000100001000010000111111111111111
1000000010000000000110010000000100000001000100000111111111111111
0000010001000000000010001000100000000001000100000111111111111111
0000001000100010000000100000000001000101000000001111111111111111
0000001000100010000000100000000001000101000010000111111111111111
0000010010000000000010001000100000000001000010000111111111111111
0100000000001000000010001000000100010001000010000111111111111111
0000010001000000000010001000100000000001000100000111111111111111
0000001000100010000000100000000001000101000010000111111111111111
0010000000001000000010001000100000000001000100000111111111111111
0000010010000000000010001000100000000001000010000111111111111111
0000010001000000000010001000100000000001000100000111111111111111
0000001000100010000000001000010001000001000010000111111111111111
0000001100000000010000100000010000000001100010000111111111111111
0001000100000000000000100000000011000100000000001111111111111111
0000010010000000010001000000000000100001000010000111111111111111
0000100000100010000000000000000001001000000010001111111111111111
0000001000100010000000100000000001000101000010000111111111111111
0010000100000010000000000100010000000000100001001111111111111111
0000010001000000000010001000100000000001000100000111111111111111
0000010001000000000010001000100000000001000100000111111111111111
0000001000100010000001000000000001000001000110000111111111111111
0100000010000000000100010000000000100011001000000111111111111111
0000100000000001000000000010000000100110001000000111111111111111
0100000001000000000010000001000100010000000000110111111111111111
1000000100000000000100010000000000100010000100000111111111111111
0000010001000010000000001000100000001001000000001111111111111111
0100000000000100010001000000000010000000100010000111111111111111
0100000000000100000010001000100000000100000000110111111111111111
0100000001000000000010001000100000000001000000010111111111111111
0000010000100010000000000001000010001100000000001111111111111111
1000000010001010000000000001000100000001000010000111111111111111
0000001100000000001000101000000001000100000010000111111111111111
0000011000100010000001000000000010001000000010000111111111111111
0100000000001000000010001000000100010001000010000111111111111111
0000001000100010000000100000000011000100000010000111111111111111
0000001000100010000000100000000001000101000010000111111111111111
0000100010000000000100010000000000100010001000000111111111111111
0001000100000001000000000011001000000100001000000111111111111111
0001000100000000001000100000000001000100000000001111111111111111
0000010001000000000010001000100000000001000100000111111111111111
1000000000001000010000010000000000100001000100000111111111111111
0000010001000000000010001000100000000001000100000111111111111111
1000000000010000000000100000000001100110001000000111111111111111
0100000000010000000100010000000000100010001000000111111111111111
0000010010000000000010001000100000000001000010000111111111111111
0000001000100010000000100000000001000101000000001111111111111111
0000010001000000000010001000100000001000000000100111111111111111
0001000100000000000100100000000000100101000000001111111111111111
