0000100100000010000000001000000001100100000110000111111111111111
0000010001000010000000001000000000100001000110000111111111111111
1000000000001000010000100000000000100001000110000111111111111111
0100000000001000001000000001000100010000000010001111111111111111
0100000000001010000000000001000110010100000000001111111111111111
0100000000001000100000000001000100010000000010100111111111111111
0100000000001010000000001000000000100001000110000111111111111111
0100000000001010000000001000000000100101000010000111111111111111
0000010100000000000010001000000001001100000000100111111111111111
0100000000001000100000000001000100110000000010000111111111111111
1000010001000000000010000001000100001000000000100111111111111111
0000010001000010000000000100000000101000000001001111111111111111
0000010001000010000000001000000000100001000110000111111111111111
0100000000001000100000000001000100010000000010100111111111111111
0100000000010010000000001000000000100100000010010111111111111111
1100000000001010000000000001000100100100000010000111111111111111
0100000100000000000100001000000000110000000011000111111111111111
0100000000000000000100001000000000110001000010000111111111111111
0100010000000000000010001000100000000100000000100111111111111111
0100000000001010000000100000000100110001000010001111111111111111
0000010100000000100000000100000000101000000001000111111111111111
0100010010000000000000000001000000100110001000000111111111111111
0000110100000010000000001000000000101100000000001111111111111111
0100000000000101000000001000000001010000000010100111111111111111
0100000000001010000000001000000000100001000110000111111111111111
0000100000000111000000001000000001110000000010000111111111111111
0100000001000000000010001000010000010000000000110111111111111111
0000010100000000100000000100000000101000000001000111111111111111
0100000000100010000000000001000010001100000000010111111111111111
0100000000000000000010001000100000010100000000110111111111111111
0100000000001000001000000001000100010000000010001111111111111111
0100000000000110000000001000000000110001000010010111111111111111
0000010001000010000000001000000000100001000110000111111111111111
0100000000001110000000010000000010010000000001000111111111111111
0100000000001010000001000000000100100001000010001111111111111111
0000010100000000000010000001000100001100000000100111111111111111
0100000000000000000010001000100000010100000000110111111111111111
0100000000000000000010001000100000010100000000110111111111111111
0000100001000010000000000001000100111000000000010111111111111111
0100000000001000100000000001000100010000000010100111111111111111
0000001001000000000100100000000110010000000001000111111111111111
0000010100000000100000000001000100001000000000100111111111111111
0100010000000010000000001000000000100001000110000111111111111111
0100000000000100010000000010001000010001000000001111111111111111
0000001001000000000100100000000010110000000001000111111111111111
0000010001000010000000001000000000100001000110000111111111111111
0100000000000000001000000001000100010000100010000111111111111111
0000010100000000000010001000000001001100000000100111111111111111
0000001001000000000100100000000010010000000001000111111111111111
0000010100000000000000100000000010101100000001000111111111111111
0100000000001000001000000001000100010000000010001111111111111111
0100000000010000100001000000000000100010000100010111111111111111
0100000100000000000010001000000001000100000000100111111111111111
0100010100000000000010001000000000100100000000100111111111111111
0100000001000000000100001000100000010001000000001111111111111111
0001000010000000000000000100000000110000000010010111111111111111
0100010010000000000011000000001100000001000010000111111111111111
0100000001000000000110001000100000010001000000100111111111111111
0100000000001010000000010000000010100100000001000111111111111111
0000010100000010000000001100000000101000000011000111111111111111
0100000000000100100000000010000100010000000001100111111111111111
0100000000000110000000001000000000110001000010010111111111111111
1100000000001010000000000001000100100001000010000111111111111111
0100000000100000000000000001001010010100000000010111111111111111
0100000000100010000100010000000010001000000000001111111111111111
0000001010000000000101000000000100010000000010100111111111111111
0000010001000010000000001000000000100001000110000111111111111111
0100000010000000000010001000000000110100000000110111111111111111
0100010000000010000000001000000000100101000010000111111111111111
0000010001000010000000001000000000100001000110000111111111111111
0010000000001000010001000000100000000001000100001111111111111111
0001000000000100100000000010010000000001001000000111111111111111
0000001001000000000100100000000100010001000010001111111111111111
0000010001000010000000001000000000100001000110000111111111111111
0001000100000000100000000100000001111000000000001111111111111111
0100000000010010000000001000000000100100000010010111111111111111
0100000000001010000000000001000110010000000010000111111111111111
0100000100000000000100000010001000010000000001001111111111111111
0100000000000110000000000010001000010001000001001111111111111111
0100000000001000001000000001000100010000000010001111111111111111
0010000100000000000100001000010000000000010010100111111111111111
1100000010000000001000000001000000100110000000010111111111111111
0000010100000000100000000100000000101000000001000111111111111111
0100010000000010000000001000000000100001000110000111111111111111
0100000000000100000010001000100000010100000000110111111111111111
0000010100000000100000000100000000101000000001000111111111111111
0000010000100010000000000001000010001100000000001111111111111111
0100000000000100000010001000100000010100000000110111111111111111
0100000000001010000000001000000000100001000110000111111111111111
0100000000000110000000001000000100010000000010000111111111111111
0100010001000000000010001000000100010000000000100111111111111111
0000001100000000010000000001000010000000100110000111111111111111
0100000000000110000000001010100000000101000000001111111111111111
0100000000000100000010001000100000000100000000110111111111111111
0100000000010000000010001000100000000100000000010111111111111111
0000010001000010000000000001000110001000000000001111111111111111
0100000000001010000000000001000110000100000000001111111111111111
0100000000000100000010001000001000010001000000010111111111111111
0100000000001010000001000000000100100001000010001111111111111111
0100000000001010000000001000000000100001000110000111111111111111
0100000000100000000010000001001010010100000000010111111111111111
0100000000000110000000010000000010000000100001000111111111111111
0100000000010000000010001000100000000100000000010111111111111111
0000001010000000100000000010000100010000000001100111111111111111
0000010001000000000010001000100000000001000100000111111111111111
0100000000000100000010001000100000000100000000110111111111111111
0100000100000000000100001000000000110000000011000111111111111111
0000010001000000000010001000100000000001000100000111111111111111
0000010001000010000000001000000000100001000110000111111111111111
0100000000001010000000001000000000100001000110000111111111111111
0000010001000010000000001000000000100001000110000111111111111111
0000010010000000000010000100000100010000000011000111111111111111
0100000000010000100000000010000100000000011000000111111111111111
0100010000000000000010001000100000000100000000100111111111111111
0000100000000111000000001000000001110000000010000111111111111111
0000001100000010000000000100010000000000100011000111111111111111
0000001010000000000101000000000101010000000010100111111111111111
0100000000001010000001000000000100000001000010001111111111111111
0000010100000000100000000100000000101000000001000111111111111111
0100000000000100000010001000100000010100000000110111111111111111
0100000000000100000010001000100000010100000000110111111111111111
0000010100000000100000000100000000101000000001000111111111111111
0000010001000000000010001000100000000001000100000111111111111111
0100000000010010000000001000000000100100000010010111111111111111
0100000000000000000010001000100000010100000000110111111111111111
0100000000000110000000001000000000110001000010010111111111111111
0100000000001000001000000001000100010000000010001111111111111111
0000010100000000000010001000000001000100000100100111111111111111
0100000000001010000000001000000000100001000110000111111111111111
0100000000001000100000000100000000110000000011000111111111111111
0010000100000000000010001000000001001000000100100111111111111111
0000100001000010000000001000000000100100000100010111111111111111
0000010100000000000010001000000001000100000100100111111111111111
0000010001000010000000000100000000101000000001001111111111111111
0100000000001000100000000001000100010000000010100111111111111111
0100010001000000000010001000000100010000000000100111111111111111
1000000000010000000010100000000100000000100011000111111111111111
0000010001000010000000000010100000001001000001001111111111111111
0100000000000110000000001000000000110001000010010111111111111111
0100000000000100000010001000100000010100000000110111111111111111
0100000000100000000010001000000001010100000000100111111111111111
0000010010000000010000000001101000000001000100000111111111111111
0100000000100000000011000000001000000001100100000111111111111111
0000010100000010000000000100000000101000000001001111111111111111
0100000000000110000000010000000010000000100001000111111111111111
0100010000010010000001000000000100100000000010001111111111111111
0100000000001110000000010000000010010000000001000111111111111111
0100000000010000000010001000100000000100000000010111111111111111
0100000000001010000000000001000100010000000010001111111111111111
0100000000001010000000000001000100010000000010001111111111111111
0000010001000010000000001000000000100001000110000111111111111111
0000010001000000000010001000100000000001000100000111111111111111
0001000000001010000000000100010000100001000010001111111111111111
0000010001000000000010001000100000000001000100000111111111111111
0000010100000000100000000100000000101000000001000111111111111111
0000010001000010000000001000000000100001000110000111111111111111
0000110100000010000000001000000000101100000000001111111111111111
0100000000001000100000000001000100010000000010100111111111111111
0000010001000000000010001000100000000001000100000111111111111111
0000100100000000010000000001001000000000100110000111111111111111
0001000100000000000010100000000001001100000000101111111111111111
0000010100000000000010001000000001000100000100100111111111111111
0100010000100010000000000001000010000100001000000111111111111111
0100000000000000000100001000000000110001000010000111111111111111
0100000000001000100000000001000100010000000010100111111111111111
0100000000001010000000000001000100010000000010001111111111111111
0100000000001010000000001000000000100001000110000111111111111111
0000010001000010000000001000000000100001000110000111111111111111
0100000000001010000000001000000000100001000110000111111111111111
0000010001000010000000001000000000100001000110000111111111111111
0100000000010010000000001000000000100100000010010111111111111111
0000010001000010000000001000000000100001000110000111111111111111
0000010001000010000000001000000000100001000110000111111111111111
0000001011000000000010000010000100010000000001100111111111111111
0100000000000100100001000000000101010000000010100111111111111111
0000001010000000100000000010000100010000000001100111111111111111
0000010100100010000000000001000010001100000000001111111111111111
0100000000000100000010001000100000010100000000110111111111111111
0000010001000010000000001000000000100001000110000111111111111111
0000010001000010000000001000000000100001000110000111111111111111
1000000001000010000100010000000000101000000001000111111111111111
0100010000000000000010001000100000000100000000100111111111111111
0000001010000000010000000010100000000100000000100111111111111111
0000010100000000100000000100000000101000000001000111111111111111
0100000000000100000100001000000000110001000010000111111111111111
0010000100000000000100100000000010010000000001001111111111111111
0000010001000010000000000001000110001000000000001111111111111111
0100000000001000001000000001000100010000000010001111111111111111
0000010001000010000000001000000000100001000110000111111111111111
0000010100000010000000001000000010000000010110000111111111111111
0100000000001110000000010000000010010000000001000111111111111111
0000100100000000000100010000000000101000000001001111111111111111
0100010100000000000010001000000000100100000000100111111111111111
0000100100000000000100001000010000100000010010000111111111111111
0100000000001000100000000001000100010000000010100111111111111111
0100000100000000000100001000000000110000000011000111111111111111
0000010001000010000000001000000000100001000110000111111111111111
0100000000000100000100001000000000110001000010000111111111111111
0100010000000000000010001000100000100101000100000111111111111111
0100000000001010000000000001000100010000000010001111111111111111
0100010000000000001000000001100000000110000000001111111111111111
0100000000001110000000001000000000110001000010000111111111111111
0000001011000000000000000010000100010001000000001111111111111111
0100000000001010000000001000000000100001000110000111111111111111
0000010110000000000000000100000000110000000011000111111111111111
0000001000010000100001000000000001000010000100000111111111111111
0000001000100010000000000100010000000001100010000111111111111111
0100000000001000100000000001000100010000000010100111111111111111
0000001001000000000100100000000110010000000001000111111111111111
0100000000001000100000000001000100010000000010100111111111111111
0100000000000100000100001000000000110001000010000111111111111111
0001000000001010000000000100010000100001000010001111111111111111
0100010000000000000010001000100000000100000000100111111111111111
0100010010000000001000000001000100010000000010000111111111111111
0100000000010010000000001000000001100100000010000111111111111111
0000010110000000000010000100001000110000000001000111111111111111
0100000000010000100000000010000100000000011000000111111111111111
0100000000000100000100001000000000110001000010000111111111111111
0000010001000010000000001000000000100001000110000111111111111111
0100000000000000000100001000000000110001000010000111111111111111
0100000000001000100000000001000100010000000010100111111111111111
0100000000000110000000001000000010010000000010010111111111111111
0000010100000000100000000100000000101000000001000111111111111111
0000010100000000100000001000000000100001000110000111111111111111
0100000000000110000000001000000000110001000010000111111111111111
0100000001000000000010000010000100010000000001100111111111111111
0000010100000000000010001000000001000100000100100111111111111111
0000010001000010000000001000000000100001000110000111111111111111
0000010001000010000000001000000000100001000110000111111111111111
0100000100000000000010001000000001010100000000100111111111111111
0000010100000000000010000100001000101000000001000111111111111111
1000000100000000010000000001000000101100000000110111111111111111
0000010001000010000000001000000000100001000110000111111111111111
1000000000001001000000000100000000100010000010000111111111111111
0000010001000010000000001000000000100001000110000111111111111111
1000000001000000000100001000000000100001000110000111111111111111
0100000000000110000000001000000000110001000010000111111111111111
0100000000000100000010001000100000010100000000110111111111111111
0100000000010000100000000000000000100110001000010111111111111111
0000001010000000000011000000000101010000000010100111111111111111
0100000001000000000010001000100000010000000000110111111111111111
0000100010000000000100010000000001100010001000000111111111111111
0100000001000010000000000010000100010001000000001111111111111111
0100000000000110000000001000000000110001000010010111111111111111
0100000000001010000001000000000100100001000010001111111111111111
0100000000000100000010001000100000010100000000110111111111111111
0100000000001010000000001000000000100101000010000111111111111111
0000010100000000100000000100000000101000000001000111111111111111
0000010110000000000010000100001000110000000001000111111111111111
0100010010000000000010001000100000000100000000100111111111111111
0100000000001000100000000001000100010000000010100111111111111111
0000100001000010000000000011000100011000000000001111111111111111
0000010100000000010000000001000010001100000000001111111111111111
0000010100000000010000100000000010100100001000000111111111111111
0100000000001010000000000001000100010000000010001111111111111111
0000001000100011000000000100000001010000000010001111111111111111
0000010100000000000010001000000001001100000000100111111111111111
0000010100000000000010000001000100001100000000100111111111111111
0000110100000010000000001000000000101100000000001111111111111111
0000010100000000100000000100000000101000000001000111111111111111
0000100001000010000000000010000100011000000000001111111111111111
0100000000001010000000001000000000110001000010000111111111111111
0000010100000010000000001000000000100001000110000111111111111111
0100000000000000000100001000000000110001000010000111111111111111
0100000000010010000000000010000100001100000000001111111111111111
0100000000001010000000001000000000100001000110000111111111111111
0000010010000000000011000000000100001000000000100111111111111111
1000000000000100000010010000000001001000000001100111111111111111
0100000000000100000010001000100000010100000000110111111111111111
0100000010000000001000000001100000000110000000010111111111111111
0000010001000010000000001000000000100001000110000111111111111111
0000010001000010000000000001000110001000000000001111111111111111
0000010100000000000010001000000001001100000000100111111111111111
0100000000000100001000001000000001010000000010000111111111111111
0000010010000000001001000000000100000000010010000111111111111111
0100000000000100100000000010000100011000000001100111111111111111
0000001000100010000000000100010000000001100010000111111111111111
1000000001000000000100100000000000100001000011000111111111111111
0000010001000010000000001000000000100001000110000111111111111111
0100000000100000000101000000001000010001000010001111111111111111
0000010001000010000000001000000000100001000110000111111111111111
0100000001000000000100001000100000010001000000001111111111111111
0000001001000000000100100000000010110000000001000111111111111111
0000010001000010000000000001000110001000000000001111111111111111
0100100000000110000000001000000000110000000010010111111111111111
0100000000100000000101000000001000010001000010001111111111111111
0000010100000010000000001000000000100001000110000111111111111111
0100000000001010000000010000000010110000000001000111111111111111
0100000000001010000001000000000100100001000010001111111111111111
0100000000001000000011000000000100010000000010100111111111111111
0010000100000000000100001000010000000000010010100111111111111111
0100000000010010000000001000000001100100000010000111111111111111
0100000000000000000100001000000000110001000010000111111111111111
0100000000010010000000001000000000100100000010010111111111111111
0000010100000000000010001000000001001100000000100111111111111111
1000000001000000000100100000000000110001000011000111111111111111
0000010001000010000000001000000000100001000110000111111111111111
0100000000001000100000000001000100010000000010100111111111111111
0100000010000000001001000000000000100110000000010111111111111111
0100000000001010000000000001000100000100000010000111111111111111
0100000000001010000001000000000100100001000010001111111111111111
0100000000010010000000001000000000100100000010010111111111111111
0000010100000000100000000100000000101000000001000111111111111111
0100000000010000100000000000000000100110001000010111111111111111
0100000000001110000000010000000010001000000001000111111111111111
0000001001000000000100100000000100010001000010001111111111111111
0100010010000000000010001001100000000101000000100111111111111111
1100000000001010000000000001000100000100000010000111111111111111
0000010100000000010000100000000000100101000010001111111111111111
0100010000000010000000001000000000100001000110000111111111111111
0100000000001010000000001000000000110001000010000111111111111111
0100000000001000000010001000000100010100000000100111111111111111
0000001010000000010101000000000000100001000010000111111111111111
0100000000001010000000001000000000100001000110000111111111111111
0000010001000010000000001000000000100001000110000111111111111111
0000001100000010000000000100010000000000100011000111111111111111
0000010001000010000000001000000000100001000110000111111111111111
0100000000001000100000000100000000110000000011000111111111111111
0000001100000010000000100100000000100000100011000111111111111111
0000010100000000000010001000000001000100000100100111111111111111
0000010001000000000010001000100000000001000100000111111111111111
0000010001000010000000001000000000100001000110000111111111111111
0100000001000000000110001000100000010000000001100111111111111111
0000010100000000000010001000000001000100000100100111111111111111
0000100100000000000100010000000000101000000001001111111111111111
0100010000000000000010001000100000000100000000100111111111111111
0000001001000000000100100000000010110000000001000111111111111111
0100000000000110000000010000000010001000000001010111111111111111
0100000000010010000000001000000001100100000010000111111111111111
0100000000000100000010001000100000010100000000110111111111111111
0100000000000110000000010000000010000000100001000111111111111111
0100000000010000100001000000000000100010000100010111111111111111
0100000000001000100001000000000000100011000100000111111111111111
0100000000010000000011000000001100000000100010000111111111111111
0100000000000100000010001000001000010000000001010111111111111111
0100000000001010000001000000000100100001000010001111111111111111
0000001000010000100001000000000001100010000100000111111111111111
0100000000001010000001000000000100100001000010001111111111111111
0000010100000000100000000100000000101000000001000111111111111111
0100000000000110000000001000000000110001000010010111111111111111
0100000000001000010000000001100000000100000000101111111111111111
0100100100000000000100001000000000110000000011000111111111111111
0100000000000000000100001000000000110001000010000111111111111111
0100000000001000100000000001000100010000000010100111111111111111
0000010001000010000000001000000000100001000110000111111111111111
0000010001000000001000100001000100010000000010001111111111111111
0100000000001010000000001000000000110001000010000111111111111111
0000010100000000000010000100001000000000100101000111111111111111
0100000001000000000100100000000010110000000001000111111111111111
0000001100000010000000001000000001000001000110000111111111111111
0000010100000000000010000001000100001100000000100111111111111111
0000110100000010000000001000000000101100000000001111111111111111
0000010100000000010000100000000010101100000000001111111111111111
0100000000001010000000001000000000110001000010000111111111111111
0000001010000000000011000000000101010000000010100111111111111111
0100000010000000000100010000000000100011001000000111111111111111
0100000000001000100000000001000100010000000010100111111111111111
0100010000000000000010001000100000000101000000100111111111111111
0100000000001000100000000001000100010000000010100111111111111111
0000010100000000000010001000000001000100000100100111111111111111
0000010001000010000000001000000000100001000110000111111111111111
0100000000001100100001000000000010110000000001000111111111111111
0100000000001010000000000001000100010000000010001111111111111111
0100000000001010000000001000000000110001000010000111111111111111
0100000000001010000000001000000000100001000110000111111111111111
0100000000000100000100001000000000110001000010000111111111111111
0000001001000000000100100000000100010001000010001111111111111111
0100000000010010000000001000000000100100000010010111111111111111
0100000000001010000000000100000000110000000011000111111111111111
0100000000001010000000000001000110000100001000000111111111111111
1000100001000010000000000001000100101000000000010111111111111111
0100000000001010000000000001000100010000000010001111111111111111
0100000000001000100000000001000100010000000010100111111111111111
0000100001000010000000000010000100011000000001001111111111111111
0100000000001010000000001000000000100001000110000111111111111111
0100000000001010000000000001000110010100000000001111111111111111
0100000100000000000010000100001000010000100001000111111111111111
0000010100000010000000001000000000100001000110000111111111111111
0100000000001010000000001000000000100001000110000111111111111111
0100000000001010000000010000000010110000000001000111111111111111
0100000000010010000000001000000000100100000010010111111111111111
0100000000000100100000000010001000010001000001000111111111111111
0100100100000000000100001000000000110000000010000111111111111111
1000000000100000000010010000000001001100000000100111111111111111
0000010001000010000000001000000000100001000110000111111111111111
0000001000010000100001000000000001100010000100000111111111111111
0100000000001010000000000100000100110000000010001111111111111111
0100000000010010000000001000000000100100000010010111111111111111
0000010001000010000000001000000000100001000110000111111111111111
0100000000001010000000000001000100010000000010001111111111111111
0100000000000100001010010000100000000000100001000111111111111111
0100000000000110000000001010001000010001000000001111111111111111
0000001010000000010101000000000000100001000010000111111111111111
0000010100000000000010001000000001001100000000100111111111111111
1000000000001000010000100000000000100001000110000111111111111111
0100010010000000001000000001000100010000000010000111111111111111
0000001001000000000100100000000010110000000001000111111111111111
0100000000000110001000010000100000000000100001000111111111111111
0100000000000100000100001000000000110001000010000111111111111111
0010000100000000000010001000000001000001000100000111111111111111
0000010100000000100000000100000000101000000001000111111111111111
0000001100000000010001000000000010000000100110000111111111111111
0100000000010010000000001000000000100100000010010111111111111111
0100100100000000000100001000000000110000000011000111111111111111
0100000000001010000000001000000000100001000110000111111111111111
0000110100000010000000001000000000100100000110000111111111111111
0000001100000010000000000100010000000000100011000111111111111111
0000010100000000000010001000000001001100000000100111111111111111
0100000000010010000000001000000000100100000010010111111111111111
1000000000001000000100100000000000110001000011000111111111111111
0001000010000010000000000100000000110000000010010111111111111111
0000010001000000000010001000100000000001000100000111111111111111
0000010001000000000010001000100000000001000100000111111111111111
0000010001000010000000001000000000100001000110000111111111111111
0100000000000110000000000010001000010001000001001111111111111111
0000010001000010000000001000000000100001000110000111111111111111
0100000000000110000000000010001000010001000001001111111111111111
0100000000000110000000010000000010000000100001000111111111111111
0100000000010010000000001000000000100100000010010111111111111111
0100000000000100000010001000100000010000000000110111111111111111
0000010110000000001000000001100000000110000000001111111111111111
0100000000000000000010001000000000110100000000110111111111111111
0100000000001110000000010000000010000000100001000111111111111111
0100000000000100000010001000001000010000000001010111111111111111
0100000000001010000000001000000000100001000110000111111111111111
0100000000001000001000000001000100010000000010001111111111111111
0100010000000000000010001000100000000100000000100111111111111111
0000010100000010000000001000000000100001000110000111111111111111
0100000000001000001000000001000100010000000010001111111111111111
0000010100000000000010001000000001000100000100100111111111111111
0000010100000000000010001000000001001100000000100111111111111111
0100000000010010000000001010100000000100000000001111111111111111
0100000000000000000100001000000000110001000010000111111111111111
0000010001000010000000001000000000100001000110000111111111111111
0100000000010000000011000000001100000000100000001111111111111111
0000010001000010000000001000000000100001000110000111111111111111
0000001100000000010000100000000010000100000000010111111111111111
0100000000001010000000001000000000110001000010000111111111111111
0000010100000000000010001000100000000100000100100111111111111111
0100000000000100000100001000000000110001000010000111111111111111
0100000010000000000111000000000100010000000010100111111111111111
0100000000000100000000001000000001010000000010100111111111111111
0100000000010000000011000000001100000000100010000111111111111111
0100000000001110000000010000000010001000000001000111111111111111
0100000000000000000100001000000000110001000010000111111111111111
0100000000001000100000000001000100010000000010100111111111111111
0000010100000000000010000100001000001000000001001111111111111111
0000010100000000100000000100000000101000000001000111111111111111
0100000000000110000000001000000000100001000010010111111111111111
0100000000001000000010010000100000000100000001100111111111111111
0100000000001000001000000001000100010000000010001111111111111111
0100000000001010000000000001000110000100001000000111111111111111
0000100000000111000000001000000001110000000010000111111111111111
0100000000001010000000000001000100010000000010001111111111111111
0000010100000000100011000000000100001000000000100111111111111111
0000010001000010000000000001000110001000000000001111111111111111
1000000000001000010000100000000000100001000110000111111111111111
0000001100000000000100100000000010110000000011000111111111111111
0100010000000010000000001000000000100001000110000111111111111111
0100010100000000000010001000000000100100000000100111111111111111
0100000000001000000011000000000100010000000010100111111111111111
0000010100000000100000000100000000101000000001000111111111111111
0100000000001010000000010000000010100100000001000111111111111111
0000010100000000000010100000000010101100000001000111111111111111
0000010010000000010001000000000000100001000110000111111111111111
0100000000000100100000000010000100010000000001100111111111111111
0100010000000010000000001000000000100101000010000111111111111111
0000001100000000010001000000000010000000100110000111111111111111
0100000100000000000010001000000001000100000000100111111111111111
0000010001000010000000001000000000100001000110000111111111111111
0000011100000000010000100000000010000100000010000111111111111111
0100000000100000000011000000001000010001000000011111111111111111
0000001001000000000100100000000010010000000001000111111111111111
0100000000001010000000001000000000100001000110000111111111111111
0100000000000100000100001000000000110001000010000111111111111111
0100000000010000100001000000000100101000000000010111111111111111
0100000000001000001000000001000100010000000010001111111111111111
0100000000001010000000000001000110010000000010000111111111111111
0100000000000000000100001000000000110001000010000111111111111111
0100000000001010000000001000000000100001000110000111111111111111
1000000001000010000000000011000100001000000000100111111111111111
0100000000000110000000001000000000110001000010010111111111111111
0000010001000010000000001000000000100001000110000111111111111111
0100010000100010000000000001000010001100000000001111111111111111
0100000000000100100001000000000000110010000000010111111111111111
0000100010000000010000000001000000100100001000010111111111111111
0100010000000010000000001000000000100001000110000111111111111111
0001000100000000001000100000000001010100000010001111111111111111
0100000000001000010000000010100000000101000000001111111111111111
1000010001000000000010000001000100001000000000100111111111111111
0000010100000010000000001000000000100001000110000111111111111111
0000010001000000000010001000100000000001000100000111111111111111
0100000000001000001000010001100000000110000000001111111111111111
0000010100000000100011000000000100001000000000100111111111111111
0100000000001010000000001000000000100001000110000111111111111111
0100010000000000000010001000100000000101000000100111111111111111
0000010001000010000000001000000000100001000110000111111111111111
1000100100000000010000000001000000101100000000010111111111111111
0000010101000000000010001000000000101000000101000111111111111111
0100000000000100000100001000000000110001000010000111111111111111
0100010000000010000000001000000000100001000110000111111111111111
0000100000000110000000001000000001010000000110000111111111111111
0000100001000010000000001000000000110000000100010111111111111111
0100000000001000100000000001000100010000000010100111111111111111
0100000000001000100000000001000100010000000000100111111111111111
0100000010000000000100001000000000110001000010000111111111111111
0100000000001000100000000001000100010000000010100111111111111111
0100000010000000000100010000000000100010001000000111111111111111
1000000001000000000010000100000000111000000001010111111111111111
0000011010000000001000010000100000000010000101000111111111111111
0100010010000000000010000001000100010000000010100111111111111111
0000001001000010000000100000000100000001100010000111111111111111
0100100100000000000100001000000000110000000011000111111111111111
0000001010000000010101000000000000100001000010000111111111111111
0100000000000100000100001000000000110001000010000111111111111111
0100100100000000000100001000000000110000000011000111111111111111
0000010100000000000010001000000001000100000100100111111111111111
0100000000010010000000000010000100001100000000001111111111111111
0100001000010010000001000000000100000000100010000111111111111111
1000000001000000000100100000000000110001000011000111111111111111
0100000000000110000000001000000000110001000010010111111111111111
0000001010000000010101000000000000100001000010000111111111111111
0000010001000010000000001000000000100001000110000111111111111111
0100010000000000000010001000100000000100000000100111111111111111
0100000000000101000000001000000001010000000010100111111111111111
0100010000000010000000001000000000100101000010000111111111111111
0100000000001010000000001000000000100001000110000111111111111111
0100000000100010000000000001000010001100000000010111111111111111
0100000000000100000010001000100000010100000000110111111111111111
0100000000000100000010001000100000010100000000110111111111111111
0100000000001010000000001000000000100001000110000111111111111111
1100000000001010000000000001000100100001000010000111111111111111
0000010001000010000000000001000110001000000000001111111111111111
0100000000001000001000000001000100010000000010001111111111111111
0001000010000000000010010000000001000100001000100111111111111111
0100010000000000000010001000100000000100000000100111111111111111
0000010100000000000010001000000001000100000100100111111111111111
0100000000001000100000000100000000110000000011000111111111111111
0000010001000000000010001000100000000001000100000111111111111111
0100000000001010000000000001000110010000000010000111111111111111
0000010000100001000000000101001000010000000010001111111111111111
0000110001000010000000000001000100001000000000001111111111111111
0100000000000100000010001000001000010000000000010111111111111111
0100000000000100000100001000000000110001000010000111111111111111
0100000000000100100000000010000100010000000001100111111111111111
0100000000000000000100001000000000110001000010000111111111111111
0100000000010010000000001000000000100100000010010111111111111111
0100000000001010000000000001000110010000000010000111111111111111
0000010100000000100000000100000000101000000001000111111111111111
0000010001000000000010001000100000000001000100000111111111111111
1000000000000100010000000010001000000001000100000111111111111111
0000100000000110000000001000000001110000000010000111111111111111
0100100010000000000000000001000000100110001000010111111111111111
1000000100000000010000000011000000001100000000100111111111111111
0100000000010010000000001000100000000100000000011111111111111111
1000010001000000000010000001000100001000000000100111111111111111
0100000000010000000010001000000000110100000000010111111111111111
0000001000010010000000100000000100000000100011000111111111111111
0100000000001010000000000001000100010000000010001111111111111111
0100000010000000000010000001000100010100000000110111111111111111
0000010001000010000000001000000000100001000110000111111111111111
0000010001000010000000000100000000101000000001001111111111111111
0100000000000110001000000001000100010000100010000111111111111111
0100000010000000000010000100001000110000000001010111111111111111
0100000000001010000000001000000000100001000110000111111111111111
0100000000010000000010001000100000000100000000010111111111111111
0100000000010000000010100000000100000100101000000111111111111111
1100000000001010000000000001000100100001000010000111111111111111
0100000000000100000100001000000000110001000010000111111111111111
0000011100000000010000100000000010000100000010000111111111111111
0100000000000100000010001000100000010100000000110111111111111111
0100000000000100000100001000000000110001000010000111111111111111
1000000001000000000100100000000000110001000011000111111111111111
0000001100000000010000000001000010000000100110000111111111111111
0100000000000100000100001000000000110001000010000111111111111111
0100000000000101000000001000000001010000000010100111111111111111
0100010000100010000000000001000010001100000000001111111111111111
0000010001000010000000000000000010101000000101000111111111111111
0000110100000010000000001000000000101100000000001111111111111111
0000011100000000100000000100000000100010000101000111111111111111
0100000000000110000000001000000000110001000010010111111111111111
0001000100000000010000000010001000000001000100001111111111111111
0100010000000000000010001000100000000100000000100111111111111111
0100000000001010000000001000000000100001000110000111111111111111
1000000000000100000010010000000001001000000001100111111111111111
0000010100000000100000000100000000101000000001000111111111111111
0100000000001010000000001000000000100001000110000111111111111111
0100000000000100000010001000100000010100000000110111111111111111
0100000000000000000100001000000000110001000010000111111111111111
0100000000001010000001000000000100000001000010001111111111111111
0000010001000010000000001000000000100001000110000111111111111111
0000010100000010000000000100000000101000000011000111111111111111
0100000000001010000000010000000010110000000001000111111111111111
0100000000000110000000001000000010010000000010010111111111111111
0000001001000000000100100000000110010000000001000111111111111111
0000010001000010000000001000000000100001000110000111111111111111
0000010100000000001000100001000100000100000010001111111111111111
0100000000000100001000010000100000000010000000011111111111111111
0100000000001010000000001000000000100001000110000111111111111111
0100000000001000001000000001100000000110000000001111111111111111
0001000100000010000000000010000010001100000000001111111111111111
1100000000001010000000000001000100100001000010000111111111111111
0010000000000100010001000000000010001000000000010111111111111111
0000010100000000001000100000000100000000010011000111111111111111
0000010001000010000000000100000100101000000001001111111111111111
0100000000010010000000000010001100010000000000001111111111111111
0100000100000000000010001000000001010100000000100111111111111111
0000001001000000000100100000000010010000000001000111111111111111
0100000000000100000010001000100000010100000000110111111111111111
0100000000001010000000001000000000100001000110000111111111111111
0100000000001010000000001000000000110001000010000111111111111111
1100000000001010000000000001000100100001000010000111111111111111
0100000000000110000000001000000010010000000010010111111111111111
0000100100000000010000000001001000000000100110000111111111111111
0100010000000010000000001000000000100001000010000111111111111111
0100000000001010000000001000000000100001000110000111111111111111
0001000100000000001000100000000001000100000010001111111111111111
0100010000000000000010001001100000000100000000100111111111111111
0100010000100010000000000001000010000100001000000111111111111111
0100000000010000000010001000000000110100000000010111111111111111
0100000010000000000000000001000000100110001000010111111111111111
0000010001000010000000001000000000100001000110000111111111111111
0000010010000000001001000000000100000000010010000111111111111111
0000010001000000001000100000000100010000000010001111111111111111
0000010001000010000000000001000110001000000001000111111111111111
0100000000000100000100001000000000110001000010000111111111111111
0100000000000101000000001000000001010000000010100111111111111111
0100000000001000100000000001000100010000000010100111111111111111
0000010001000010000000001000000000100001000110000111111111111111
0000010001000010000000001000000000100001000110000111111111111111
0100100000000110000000001000000000110000000010010111111111111111
0100000000001000010000000001100000000100000000101111111111111111
0100000000000000000100001000000000110001000010000111111111111111
0100000000001010000000001000000000110001000010000111111111111111
0000010001000000000010001000100000000001000100000111111111111111
0000001000001000110001000000000000100001000110000111111111111111
0100000000000000000100001000000000110001000010000111111111111111
0000010100000000000010001000000001001100000000100111111111111111
0000010100100010000000000001000010001100000000001111111111111111
0100100000000110000000001000000000110000000010010111111111111111
0000010010000000000011000000000100001000000000100111111111111111
0100000000001010000000001000000000100001000110000111111111111111
0000010001000010000000001000000000100001000110000111111111111111
0100000000001010000000001000000000100001000110000111111111111111
0000001010000000000011000000000101010000000010100111111111111111
0100000000001010000000010000000010100100000001000111111111111111
0100000000000100000100001000000000110001000010000111111111111111
0100000000000100000100001000000000110001000010000111111111111111
0100000000000100001000010000100000000000100001000111111111111111
0000001100000010000000100100000000100000100011000111111111111111
0000010100000000100000000100000000101000000001000111111111111111
0100000000000100000100001000000000110001000010000111111111111111
0100000000001110000000010000000010000000100001000111111111111111
0100000000000100001000001000000001010000000010000111111111111111
0100000000001010000000001000000000100001000010000111111111111111
0000110100000010000000001000000000101100000000001111111111111111
1000000000001001000000000100000000110000000011000111111111111111
0100000000000100000100001000000000110001000010000111111111111111
0100000000000110000000000010001000010001000001001111111111111111
0100000000010000000010001000000000110100000000010111111111111111
1100000000001010000000000001000100100100000010000111111111111111
0100010100000000000010001000000000100100000000100111111111111111
0100000000001000001000000001000100010000000010001111111111111111
0000010001000000000010001000100000000001000100000111111111111111
0100100000000110000000001000000001110000000010000111111111111111
0001000000001010000000010000000010100000010101000111111111111111
1000000001000000000100100000000000110001000011000111111111111111
0000010100000000000100101000000000100001000010000111111111111111
1000000100000000010000000001000010001100000000010111111111111111
0100000000001000100000000001000100010000000010100111111111111111
0100000000000000000010001000100000000100000000110111111111111111
0100000000001000100000000001000100010000000010100111111111111111
0100000000010010000000001000000000100100000010010111111111111111
0100000000001010000000001000000000100001000110000111111111111111
0000001001000010000000000010010100000001000000001111111111111111
0100000000000000000100001000000000110001000010000111111111111111
0100000000000100000010001000100000010100000000110111111111111111
0100000000001110000000010000000010001000000001000111111111111111
0000010001000000000010001000000100011000000000100111111111111111
0100000100000000000010001000000001010100000000100111111111111111
0100000000001010000000001000000000100001000110000111111111111111
0100000000001010000000001000000000100001000110000111111111111111
0000010001000010000000001000000000100001000110000111111111111111
0010000000000100010001000000000010001000000000010111111111111111
0000010100000000100000000100000000101000000001000111111111111111
0100000000001010000000001000000000110001000010000111111111111111
0000010100000000100000000100000000101000000001000111111111111111
0000001110000000000100000100000000110000000011000111111111111111
0100000000001010000000000001000110010000000010000111111111111111
0100000000001000100000000001000100010000000010100111111111111111
0100000000001010000000001000000000100001000110000111111111111111
0000010001000010000000001000000000100001000110000111111111111111
0100000000001010000000001000000000110001000010000111111111111111
0010000100000000001001000000000001000010000100001111111111111111
0100000000001000001000000001000100010000000010001111111111111111
1000000000100000000010010000000001001000000100100111111111111111
0000010001000010000000001000000000100001000110000111111111111111
1000000000001000010000100000000000100001000110000111111111111111
0100000000001010000000001000000000100001000110000111111111111111
0100000000100000000101000000001000010001000010001111111111111111
0100000000001000000010001000000100010000000010100111111111111111
0100000000000000000100001000000000110001000010000111111111111111
0000010001000010000000000100000000101000000001001111111111111111
0000010001000000000010001000100000000001000100000111111111111111
0000001001000000000100100000000010110000000001000111111111111111
0000010001000010000000001000000000100001000110000111111111111111
0100010010000000000011000000001100000001000010000111111111111111
0100000000000110000000001010100000000101000000001111111111111111
0100000001000000000100001000100000110001000000001111111111111111
0000001010000000000100100000000000110001000011000111111111111111
0100000000011000100001000000000000100010000100000111111111111111
0000010100000000100000000100000000101000000001000111111111111111
0000010001000010000000001000000000100001000110000111111111111111
0100000000001000100000000001000100010000000010100111111111111111
0100000000100010000000000001000010001100000000010111111111111111
0000010100000000000010001000100000000100000100100111111111111111
0100000000001000100001000000000000100011000100000111111111111111
1000000000010000000010100000000101000100000010000111111111111111
0100000000001000100000000001000100010000000010100111111111111111
0001000100000010000000000010000001001100000000001111111111111111
0000010001000010000000100000000100000001000010001111111111111111
0100000000010000000010001000100000000100000000010111111111111111
0000010001000010000000001000000000100001000110000111111111111111
0000010100000010000000001100000000101000000011000111111111111111
0000010100000000000010001000000001001100000000100111111111111111
0000010100000000000010001000000001000100000100100111111111111111
0000001001000000000100100000000010110000000001000111111111111111
0000010001000000000010100000000100000001001000001111111111111111
0001000000000100001000100000000001010000000010001111111111111111
0100000000001010000000001000000000100001000110000111111111111111
0100000010000000001000000001100000000110000000010111111111111111
0100000001000010000000000010000100010000000000101111111111111111
0100000000000100001000100000000010010000000001010111111111111111
0100000000000110000000001000000000110001000010010111111111111111
0000100000000110000000001000000001110000000010000111111111111111
0100000000000110000000001000000000110001000010010111111111111111
0100000000000110000000010000000010000000100001000111111111111111
0100000000000100000100001000000000110001000010000111111111111111
0100000000001010000000000010000100010100000000001111111111111111
0100000000001010000000000001000100010000000010001111111111111111
0100000000001010000000001000000000110001000010000111111111111111
0100010010000000001000000001000100000100001010000111111111111111
1000000000001000010000100000000000100001000110000111111111111111
0100000000000100000010001000100000010100000000110111111111111111
0000001001000010000000010000000010000000100101000111111111111111
0000010100000000000010000001000100001100000000100111111111111111
0000010100000010000000001000000000100001000110000111111111111111
0000010100000000100000001000000000100011000110000111111111111111
0100000000001010000000001000000000110001000010000111111111111111
0100000000000100000100001000000000110001000010000111111111111111
0000010001000000100000000001000100011000000000100111111111111111
0100000000000100000100001000000000110001000010000111111111111111
0100000000000110000000000010001100010001000000001111111111111111
0000010100000000001000100000000010000100000001001111111111111111
0000001100000000000100100000000010110000000011000111111111111111
1000000000001010000000010000000000100001000101000111111111111111
0000010001000010000000000001000110001000000000001111111111111111
0100000000000100000100001000000000110001000010000111111111111111
0000100100000000000100001000010000100000010010000111111111111111
0000001010000000000100010000100000010000000001100111111111111111
0000010001000010000000001000000000100001000110000111111111111111
1000000000001000010000100000000000100001000110000111111111111111
0000100001000010000100010000000000101000000001001111111111111111
0100000000001010000000001000000000100001000110000111111111111111
0100010010000000000010000001000100000100001000100111111111111111
1000000001000000000010000100000000111000000001010111111111111111
0100000000000100001000001000000001010000000010000111111111111111
0000010100000000000010001000000001000100000100100111111111111111
0000010100000000100000000100000000101000000001000111111111111111
0000100000000110000000010000000001001000000001001111111111111111
1000000000100000000010010000000001001000000100100111111111111111
0001010110000000000010000100000000100100001000000111111111111111
0100000000000100000100001000000000110001000010000111111111111111
0100000000001010000000001000000000110001000010000111111111111111
0100000000010010000000001000000000100100000010010111111111111111
0100000000000110000000001000000000110001000010010111111111111111
0000010100000010000000100000000010101100000001000111111111111111
0100000010000000000100010000000000100011001000000111111111111111
0100010100000000000010001000000000100100000000100111111111111111
1000000000001000010000100000000000100001000110000111111111111111
0100000010000000001000000001100000000110000000010111111111111111
0100100000000110000000001000000001110000000010000111111111111111
0100010010000000000011000000001100000001000010000111111111111111
0100000000001010000001000000000100100001000010001111111111111111
0000010001000000000010001000000000100001001100000111111111111111
0100000000001000100000000001000100010000000010100111111111111111
0000010100000010000000000100000000101000000001001111111111111111
1100000000001000000100100000000000110001000011000111111111111111
0100000000000100000010001000100000010100000000110111111111111111
1000000000001000010000100000000000100001000110000111111111111111
0001000100000000001000100000000001000100000010001111111111111111
0000010100000000100000000100000000101000000001000111111111111111
0100000000001010000000000001000100010000000010001111111111111111
0000100001000010000000000010000100011000000001001111111111111111
0100000000001010000000001000000000100001000110000111111111111111
0100000000000110000000001000000000110001000010010111111111111111
0000010001000010000000000100000000101000000001001111111111111111
0100000000000100100000000010001000010001000001000111111111111111
0100000000000100000010001000100000010100000000110111111111111111
0100000000001010000000001100000000110000000011000111111111111111
0100000000000000000010001000100000010100000000110111111111111111
0100000010000000001000000001100000000110000000010111111111111111
0000010100000000100000000100000000101000000001000111111111111111
0100000000000110000000001000000000110001000010010111111111111111
1000010001000000000010000001000100001000000000100111111111111111
0100010010000000000010000001000100000100001000100111111111111111
0000010001000010000000001000000000100001000110000111111111111111
1100000000001000000100010000000000100010000001000111111111111111
0100100100000000000100001000000000110000000011000111111111111111
0000100100000000000100001000010000000000010010000111111111111111
0000100100000000010000000001001000000000100110000111111111111111
0100000000000100000100001000000000110001000010000111111111111111
0000001001000000000100100000000110010000000001000111111111111111
0100000000000000000100001000000000110001000010000111111111111111
0100000000001010000000000001000100010000000010001111111111111111
1000000000000100010000000010001000000001000100000111111111111111
1000000001000000000100100000000010111000000001000111111111111111
0000010001000010000000001000000000100001000110000111111111111111
0100000100000000000010000100001000010000100001000111111111111111
0100000000000000000100001000000000110001000010000111111111111111
0100000000010010000000001000000000100100000010010111111111111111
0000001100000000000100100000000010010000000011000111111111111111
0000010100000000000010001000000001000100000100100111111111111111
0000010001000000000010100000000100100001001000000111111111111111
0100000000001010000000000001000100010000000010001111111111111111
0100000000100000000111000000001000010001000000001111111111111111
0100000000001010000000000001000100010000000010001111111111111111
0100000000000110000000001000000000110001000010010111111111111111
0000010001000010000000001000000000100001000110000111111111111111
0100000000010000000010001000000000110100000000010111111111111111
0000110001000010000000000001000100001000000000001111111111111111
0100000000000100000010001000100000010100000000110111111111111111
0100000000010010000000001000000000100100000010010111111111111111
0100000000000100001010010000100000000000100001000111111111111111
0100000000000100000010001000100000010100000000110111111111111111
0000010001000010000000001000000000100001000110000111111111111111
0100000000000110000000001000000010110000000010010111111111111111
0100000000010010000000001000000000100100000010010111111111111111
0100010000000000000010001000100000000100000000100111111111111111
0100010000100000000010000001000100010000000010100111111111111111
0010000100000000000100001000000001011000000000101111111111111111
0100000000001000000100100000000000110001000011000111111111111111
0000110001000010000000000001000100001000000000001111111111111111
0100000000000000000100001000000000110001000010000111111111111111
1100000000001000000100010000000000100010000001000111111111111111
0100000100000000000010000100001000000000100001000111111111111111
0100000000010000100001000000000000100010000100010111111111111111
0000010110000000000010000100001000110000000001000111111111111111
0001000010000000000010000100001000110000000001010111111111111111
0010000100000000000100001000000001000010000100001111111111111111
0100000010000000000100010000000000100011001000000111111111111111
0000010001000010000000001000000000100001000110000111111111111111
0100000000001000100000000001000100010000000010100111111111111111
1100000000001000000100010000000000100010000001000111111111111111
0100000000001010000000000001000110010100000000001111111111111111
0100000000000100000010001000001000010001000000010111111111111111
0100000000001010000001000000000100100001000010001111111111111111
0000010001000010000000001000000000100001000110000111111111111111
0100001010000000100000000010000100010000000001100111111111111111
1000000000001000010000100000000000100001000110000111111111111111
0100000000001000100000000001000100010000000010100111111111111111
0000100100000010000000001000000001100100000110000111111111111111
0001000010000000000010000100001000110000000000010111111111111111
0100000000001000100000000001000100010000000010100111111111111111
0100000000000000000010001000100000010100000000110111111111111111
0000010100000000100000000100000000101000000001000111111111111111
0000110100000010000000001000000000101100000000001111111111111111
0000010100000000000010000001000100001100000000100111111111111111
0100000000010010000000001000000000100100000010010111111111111111
0100000000001010000000001000000000100001000110000111111111111111
0100000000001010000000000001000110010000000010000111111111111111
0000011100000000100001000000000000100011000100000111111111111111
0100000000010000000010001000100000000100000000010111111111111111
0100001000010010000001000000000100000000100010000111111111111111
0000010100000000000010001000000001001100000000100111111111111111
1000000010000000001000000001000000100110000000010111111111111111
0010000100000000000110001000000001011000000000100111111111111111
0100010000000000000010001000100000000101000000100111111111111111
1000000000001010000000010000000010000000010101000111111111111111
0100000000010010000000001000000001100100000010000111111111111111
0100000000010010000000001000000000100100000010010111111111111111
0000001100000000000100100000000010110000000011000111111111111111
0000010100000000100000000100000000101000000001000111111111111111
0000010100000000000010101000000000100100000001000111111111111111
1000000100000000000100000100000000101000000011000111111111111111
0100100010000000000000000001000000100110001000010111111111111111
0000001100000000010000000001000010000000100110000111111111111111
0000001010000000000100010000000010010000000001000111111111111111
0000010001000000000010001000100000000001000100000111111111111111
0100000000001010000000001000000000100001000110000111111111111111
0100000000001010000000000001000100010000000010001111111111111111
0000010100000000100000000100000000101000000001000111111111111111
0100000000010000100001000000000000100010000100010111111111111111
0100000000000100000010001000100000000100000000110111111111111111
0100000000001010000000001000000000110001000010000111111111111111
0100000000100010000000000001000100000000100010000111111111111111
0001000100000000000010101000000001010100000010100111111111111111
0000010100000010000000000100000000101000000001001111111111111111
0100000000000100000100001000000000110001000010000111111111111111
0100000000001010000000001000000000110001000010000111111111111111
0100000000001010000000001000000000110001000010000111111111111111
0100000000001000001000100000000100010000000010001111111111111111
0001000100000000001000100000000001010100000010001111111111111111
0100000000010000000010001000000000110100000000010111111111111111
0100000000001000000010011000100000000100000000100111111111111111
0100000000000100000100001000000000110001000010000111111111111111
0100010000100000000011000000001000000001000100001111111111111111
0000010001000010000000001000000000100001000110000111111111111111
0100000000001010000000000001000100010000000010001111111111111111
0100010000000000001000000001100100000100000000001111111111111111
1100000000001010000000010000000000100001000011000111111111111111
0000010001000010000000000001000110001000000000001111111111111111
0100000000001010000000001000000000100001000110000111111111111111
0000010100000010000000001000000000100001000110000111111111111111
0000010001000010000000001000000000100001000110000111111111111111
0100000000001010000000001000000000100001000110000111111111111111
0100000000000100000010001000100000010100000000110111111111111111
0100000000001000100000000001000100010000000010100111111111111111
1000000000001010000000100000000000100001000011000111111111111111
0100000000001000100000000001000100010000000010100111111111111111
0000010010000000000010100000000100100001001010000111111111111111
0100010000000000000010001000100000000100000000100111111111111111
0100000000001010000000000001000110010000000010000111111111111111
0100000000000000000100001000000000110001000010000111111111111111
0000001100000000010000000001000010000000100110000111111111111111
1000000000000100001000100000000101010000000010000111111111111111
0100000000001000010000000001100000000100000000101111111111111111
0101000000001010000000010000000000100001000100001111111111111111
0000010100000000100000000100000000101000000001000111111111111111
0000010101000000000100100000000010101000000001000111111111111111
0001001100000010000000000100010000000000100010000111111111111111
0100000000010000100001000000000000100010000100010111111111111111
0100000100000000000010000100001000010000100001000111111111111111
0000010100000000100000000100000000101000000001000111111111111111
0000010001000000000010001000100000000001000100000111111111111111
0100000000001000100000000001000100010000000010100111111111111111
0100000000100010000000000001000010001100000000010111111111111111
0100000000000100000100001000000000110001000010000111111111111111
0100000000000100000100001000000000110001000010000111111111111111
0100000000010000000010100000000100000100101000000111111111111111
0100000000000100000010000000001010010000000001010111111111111111
0000010001000010000000001000000000100001000110000111111111111111
1000100000000100010000000001001000001000000000010111111111111111
0000001010000000010000000010100000000101000100000111111111111111
0000011001000010000000001000100000000001000100000111111111111111
0100000000000110000000001000000010010000000010010111111111111111
0000010001000000001000000001100000000010000100001111111111111111
0100000000100010000000000001000010010100000000010111111111111111
1000000001000000000010000100000000111000000001010111111111111111
0100000000001000100000000001000100010000000010100111111111111111
0100010000000010000000001000000000100001000110000111111111111111
0000001100000000010000000010001000000001000100001111111111111111
0100000000000110000000001000000000110001000010010111111111111111
0000100001000010000000000010000100011000000000001111111111111111
0001000000000110000000010000000010001000000001010111111111111111
1000000001000000001000000001100000000010000100010111111111111111
0000001010000000010000000011000100010000000010100111111111111111
0100000000001010000000000001000100010000000010001111111111111111
0000001110000000000100000100000000110000000011000111111111111111
0000001100000000000100001000010000100001000010000111111111111111
0100000010000000000010000100001000110000000001010111111111111111
0000001110000000010000000010100000000100000000100111111111111111
0000010100000000100000000100000000101000000001000111111111111111
0100000000001010000000000001000100010000000010001111111111111111
0100000000000100000010001000100000010100000000110111111111111111
0000010100000010000000001000000000100001000110000111111111111111
0100000000000100000100001000000000110001000010000111111111111111
0000010001000010000000001000000000100001000110000111111111111111
0100000000000000000010001000100000010100000000110111111111111111
1100000000001010000000000000000100100001000010000111111111111111
0000010001000010000000001000000000100001000110000111111111111111
0001000100000000000010101000000001110000000010000111111111111111
0100000010000000001000000001000100010000000010000111111111111111
0100000000001000100000000001000100010000000010100111111111111111
0000010001000010000000001000000000100001000110000111111111111111
0100000000000100100000000010001000010001000001000111111111111111
0100010000000000000010001000100000000100000000100111111111111111
0100000000000100000100001000000000110001000010000111111111111111
0100000000001000001000010000100000010000000001001111111111111111
1100000000001010000000000001000100100001000010000111111111111111
0100000000000110000000001000000000110001000010010111111111111111
0100000000000000000100001000000000110001000010000111111111111111
0100000000000110000000001000000000110000000010010111111111111111
0100000000001000001000000001000100010000000010001111111111111111
0100000000000100000100001000000000110001000010000111111111111111
0000010100000000000010001000000001001100000000100111111111111111
1000000100000000000100100100000000101000000011000111111111111111
0000010001000010000000001000000000100001000110000111111111111111
0100000000001010000000001000000000100001000110000111111111111111
0100010000000000000010001000100000000101000000100111111111111111
0000100100000000010000000001001000000000100110000111111111111111
0000011100000010000000100000000010100100000001000111111111111111
0000001001000000000100100000000010010000000001000111111111111111
0100000000010010000000001000000000100100000010010111111111111111
0100000000001010000000001000000000100001000110000111111111111111
0100000000000101000000001000000001010000000010100111111111111111
0000001010000000010101000000000000100001000010000111111111111111
1000100001000010000100010000000000101000000001000111111111111111
0000010100000000000010001000001000100001000100000111111111111111
1000010001000000000010100000000100001000000001000111111111111111
