48 789
1 3 -4
1 4 6
1 5 -8
1 6 -13
1 7 -6
1 8 -10
1 11 -15
1 12 10
1 13 10
1 14 -11
1 15 -6
1 16 2
1 17 2
1 18 10
1 19 -3
1 22 10
1 23 -1
1 26 5
1 29 7
1 30 9
1 33 -6
1 37 -4
1 38 10
1 39 -13
1 40 -14
1 41 -5
1 42 -1
1 43 -12
1 45 -7
1 46 15
1 48 -9
2 4 11
2 5 5
2 6 -4
2 7 13
2 8 8
2 9 15
2 10 -10
2 12 -7
2 13 -15
2 14 4
2 15 5
2 16 10
2 18 -5
2 19 8
2 21 -12
2 22 -12
2 24 9
2 25 10
2 26 -6
2 27 -9
2 28 -5
2 30 -14
2 31 -12
2 34 10
2 36 14
2 38 14
2 39 13
2 42 -4
2 43 -4
2 44 -9
2 45 14
2 47 -14
2 48 -8
3 4 -11
3 5 11
3 7 -1
3 8 -6
3 9 -9
3 10 10
3 11 -14
3 12 4
3 14 5
3 16 -5
3 17 11
3 18 -9
3 19 -14
3 20 -1
3 21 -3
3 22 10
3 24 -9
3 25 -13
3 26 4
3 29 9
3 30 4
3 31 -15
3 32 4
3 35 15
3 36 -9
3 37 -14
3 38 12
3 42 -5
3 47 10
3 48 -15
4 5 8
4 6 -8
4 8 1
4 9 -3
4 10 6
4 11 7
4 12 14
4 13 9
4 14 3
4 17 -7
4 18 4
4 19 1
4 20 -14
4 23 -12
4 24 -4
4 26 -9
4 27 10
4 28 -15
4 29 4
4 32 9
4 33 -4
4 35 9
4 36 -4
4 37 13
4 40 -6
4 41 -7
4 42 13
4 43 14
4 44 -8
4 46 -15
4 47 -6
4 48 -12
5 8 -9
5 9 -13
5 10 -4
5 11 -13
5 12 -12
5 13 -9
5 14 4
5 18 -13
5 19 7
5 20 14
5 21 14
5 22 11
5 23 8
5 25 8
5 27 -8
5 28 -8
5 29 -12
5 32 -13
5 34 -4
5 35 -4
5 41 15
5 43 -5
5 44 -7
5 45 7
5 46 -3
5 47 -5
5 48 11
6 7 -6
6 8 5
6 9 15
6 10 14
6 12 -4
6 14 -15
6 15 5
6 16 -15
6 19 -6
6 20 11
6 21 4
6 22 -11
6 23 -11
6 24 -15
6 25 9
6 26 -10
6 27 2
6 28 -12
6 29 13
6 31 6
6 32 14
6 33 -8
6 34 3
6 35 -3
6 36 -2
6 37 9
6 38 8
6 40 -6
6 41 4
6 43 8
6 44 -13
6 46 -1
6 47 2
6 48 11
7 9 7
7 10 4
7 11 -4
7 12 -13
7 13 -3
7 14 1
7 15 11
7 16 -7
7 18 3
7 20 13
7 21 4
7 22 -7
7 23 -14
7 25 9
7 27 -2
7 28 8
7 29 15
7 31 -10
7 32 -14
7 33 -4
7 34 3
7 35 -2
7 36 -14
7 39 3
7 40 -9
7 42 12
7 43 15
7 44 12
7 45 8
7 46 -10
7 47 4
7 48 -4
8 9 -3
8 10 -14
8 12 -9
8 13 -12
8 14 -10
8 15 -7
8 17 4
8 18 -13
8 19 14
8 21 4
8 22 2
8 23 7
8 25 -8
8 26 -8
8 28 -10
8 29 1
8 30 -3
8 32 -7
8 33 3
8 35 11
8 36 12
8 37 5
8 39 -11
8 41 8
8 43 15
8 44 4
8 45 10
8 46 5
8 48 -5
9 10 11
9 11 15
9 12 1
9 13 -13
9 14 -3
9 15 -14
9 17 -3
9 18 7
9 19 -1
9 20 -12
9 23 14
9 24 -15
9 25 9
9 26 6
9 28 12
9 30 13
9 31 -5
9 34 -13
9 35 14
9 36 9
9 37 -2
9 39 -9
9 40 9
9 41 -5
9 42 15
9 43 4
9 46 -7
9 47 -7
9 48 -4
10 11 -11
10 12 -6
10 13 15
10 14 4
10 16 11
10 17 -9
10 19 -11
10 20 8
10 21 11
10 23 -7
10 24 -9
10 25 15
10 26 15
10 28 3
10 30 -11
10 31 -2
10 32 -3
10 33 -11
10 34 4
10 35 -9
10 36 5
10 37 4
10 38 -11
10 42 2
10 44 -15
10 45 4
10 46 8
11 12 -12
11 13 3
11 14 -14
11 15 9
11 16 -3
11 17 -4
11 18 -6
11 19 -12
11 22 15
11 24 13
11 25 -3
11 26 -11
11 27 -13
11 28 -2
11 29 8
11 30 10
11 31 -14
11 32 7
11 34 -1
11 36 8
11 37 5
11 38 -13
11 39 -13
11 41 11
11 42 -10
11 43 -12
11 44 14
11 45 8
11 46 -15
12 14 -4
12 17 -9
12 18 1
12 19 11
12 20 12
12 22 -8
12 23 11
12 24 13
12 25 -7
12 28 -11
12 29 8
12 30 15
12 31 14
12 32 9
12 33 7
12 34 -6
12 35 5
12 36 -7
12 37 -8
12 38 6
12 40 5
12 42 -4
12 44 -3
12 45 10
12 46 3
13 18 13
13 20 9
13 21 15
13 22 10
13 24 9
13 25 8
13 28 15
13 29 -10
13 30 -7
13 31 15
13 33 -13
13 34 2
13 35 10
13 36 6
13 37 14
13 38 -6
13 41 -5
13 42 15
13 44 15
13 46 14
14 15 -15
14 16 3
14 17 -13
14 18 -2
14 19 -8
14 20 6
14 21 5
14 22 9
14 26 -4
14 27 15
14 28 9
14 30 4
14 36 7
14 38 -7
14 39 8
14 40 1
14 44 -12
14 46 -12
14 47 12
14 48 -7
15 17 5
15 19 -4
15 20 -13
15 21 -4
15 23 11
15 24 10
15 25 -3
15 28 -5
15 29 1
15 31 3
15 32 -6
15 34 2
15 35 5
15 36 11
15 37 8
15 39 -11
15 40 7
15 41 -15
15 42 -6
15 43 13
15 45 11
15 47 -11
16 17 6
16 18 7
16 19 -5
16 23 -12
16 24 -6
16 25 9
16 26 15
16 31 -5
16 33 -10
16 35 -9
16 36 -15
16 37 -10
16 38 -1
16 43 12
16 44 9
16 47 -8
16 48 -13
17 19 -9
17 22 14
17 23 -15
17 25 13
17 27 9
17 28 -11
17 29 -12
17 30 -1
17 31 -11
17 32 -3
17 34 12
17 36 12
17 37 12
17 38 2
17 39 13
17 40 14
17 43 -1
17 44 -5
17 45 12
17 48 15
18 21 7
18 23 2
18 24 4
18 25 8
18 26 -14
18 29 -7
18 30 13
18 32 -10
18 35 3
18 36 -11
18 37 -7
18 38 -10
18 39 5
18 43 8
18 44 -4
18 45 13
18 47 -14
18 48 -10
19 20 -11
19 22 -4
19 23 -9
19 25 5
19 27 14
19 28 -11
19 29 13
19 30 -1
19 33 -14
19 36 -13
19 37 -2
19 38 7
19 39 11
19 40 -12
19 41 12
19 42 -13
19 45 -10
19 48 15
20 21 5
20 22 -1
20 23 11
20 24 -7
20 25 -11
20 26 2
20 27 -13
20 29 -13
20 30 -15
20 31 6
20 32 -14
20 33 8
20 34 13
20 36 4
20 37 15
20 40 -12
20 43 7
20 44 -5
20 45 1
20 46 11
20 48 -15
21 22 14
21 23 -5
21 24 13
21 25 11
21 26 15
21 27 -11
21 29 14
21 30 6
21 32 1
21 34 6
21 35 -4
21 37 -1
21 38 -1
21 39 -13
21 40 1
21 44 -15
21 45 -12
21 47 8
21 48 15
22 23 -7
22 24 -9
22 25 -5
22 26 12
22 27 4
22 28 11
22 30 2
22 32 -12
22 33 -4
22 36 6
22 38 -5
22 39 -15
22 40 -13
22 41 4
22 43 7
22 44 -8
22 45 -1
22 48 13
23 24 4
23 25 8
23 26 3
23 27 -14
23 28 1
23 29 -6
23 33 -2
23 35 5
23 36 -14
23 37 -13
23 38 9
23 39 -14
23 40 -12
23 41 -6
23 42 2
23 43 -9
23 44 15
23 45 4
23 46 -1
23 47 15
23 48 -5
24 25 5
24 27 -14
24 28 15
24 30 4
24 31 8
24 32 -10
24 33 10
24 34 -12
24 35 5
24 36 -14
24 37 10
24 39 13
24 40 10
24 41 -4
24 42 12
24 43 -1
24 44 3
24 45 -14
24 46 1
24 47 15
24 48 13
25 26 4
25 27 1
25 30 -8
25 31 -8
25 32 12
25 33 -7
25 35 -9
25 36 -10
25 37 -11
25 38 -10
25 39 14
25 40 -13
25 43 7
25 45 4
25 46 -2
25 47 -11
25 48 1
26 27 9
26 28 -1
26 30 -14
26 33 -10
26 34 12
26 35 -5
26 36 -1
26 37 3
26 38 9
26 39 11
26 41 13
26 44 15
26 45 -13
26 46 7
26 47 -6
26 48 -2
27 28 -13
27 29 -12
27 30 4
27 31 12
27 32 3
27 34 -11
27 35 5
27 36 -9
27 38 -8
27 42 -14
27 43 -1
27 45 -6
27 46 -15
27 47 6
27 48 2
28 30 15
28 33 -1
28 34 -12
28 35 -9
28 36 -4
28 39 6
28 40 -1
28 41 -3
28 42 13
28 43 1
28 45 10
28 46 10
28 47 9
29 30 7
29 31 10
29 33 12
29 36 7
29 37 -2
29 38 2
29 40 8
29 41 1
29 42 7
29 43 -3
29 44 -9
29 46 -12
30 31 5
30 32 1
30 38 1
30 40 1
30 41 -12
30 42 1
30 44 8
30 45 4
30 47 -1
31 32 -9
31 33 1
31 35 -5
31 36 -12
31 37 5
31 38 -5
31 39 7
31 40 11
31 41 -1
31 42 -6
31 43 8
31 44 14
31 46 -11
31 47 -10
32 35 -6
32 36 -1
32 38 1
32 39 -10
32 41 8
32 42 -8
32 43 13
32 44 14
32 45 1
32 46 -15
32 47 5
32 48 -2
33 35 -11
33 36 -7
33 38 5
33 40 1
33 41 -11
33 42 -5
33 43 -15
33 44 -3
33 45 15
33 46 1
33 47 -10
33 48 -10
34 36 7
34 38 -9
34 39 13
34 40 6
34 41 6
34 43 -7
34 44 -4
34 47 8
34 48 -7
35 39 -11
35 41 4
35 42 -8
35 43 14
35 44 11
35 45 -11
35 46 9
35 47 -15
36 37 8
36 38 -3
36 39 -12
36 40 -12
36 41 1
36 42 9
36 43 -3
36 44 10
36 45 9
36 46 -1
36 47 4
37 38 -10
37 39 -1
37 40 9
37 41 6
37 42 13
37 43 7
37 44 13
37 45 -8
37 46 -13
37 47 2
37 48 8
38 39 -5
38 44 2
38 45 3
38 46 -8
38 47 3
38 48 -15
39 40 -6
39 42 -10
39 45 -1
39 48 1
40 41 11
40 42 9
40 45 -15
40 47 9
40 48 12
41 42 9
41 43 -6
41 44 2
41 45 -8
41 46 6
42 43 -8
42 44 5
42 46 12
42 47 -4
42 48 1
43 45 13
43 46 -1
43 47 15
43 48 -13
44 45 -2
44 48 -3
45 46 -7
45 47 15
45 48 -10
46 47 -2
46 48 6
47 48 3
