64 1008
1 4 -12
1 7 -6
1 9 4
1 10 5
1 11 13
1 12 9
1 14 -11
1 16 -3
1 17 -13
1 19 -3
1 20 4
1 23 -3
1 24 5
1 27 12
1 28 4
1 30 15
1 33 14
1 34 -10
1 35 -1
1 36 -7
1 38 -12
1 39 -11
1 45 11
1 50 3
1 51 -10
1 52 -9
1 55 3
1 56 -3
1 58 -15
1 60 -15
1 61 4
1 62 6
1 64 -12
2 4 15
2 8 -3
2 9 14
2 11 11
2 12 -5
2 18 -10
2 20 -6
2 21 -4
2 25 9
2 27 2
2 28 12
2 32 -12
2 34 11
2 35 14
2 36 12
2 37 -4
2 40 -12
2 41 -7
2 46 10
2 50 -15
2 51 15
2 53 11
2 55 7
2 56 12
2 57 -1
2 58 -9
2 60 -8
2 62 15
2 64 11
3 6 -5
3 7 14
3 8 3
3 10 12
3 11 10
3 15 15
3 16 4
3 17 -15
3 18 12
3 19 4
3 23 -6
3 27 10
3 28 -12
3 30 10
3 31 -15
3 34 -14
3 37 -6
3 38 -5
3 41 5
3 43 9
3 45 13
3 46 8
3 48 1
3 50 -4
3 51 12
3 53 13
3 55 -13
3 60 8
3 64 8
4 5 15
4 6 15
4 10 -1
4 11 7
4 20 9
4 22 -13
4 23 13
4 24 -15
4 27 15
4 28 1
4 29 2
4 30 -7
4 33 14
4 34 13
4 36 13
4 39 -12
4 45 7
4 46 -14
4 47 7
4 49 3
4 50 -3
4 51 4
4 54 -13
4 56 -5
4 57 1
4 58 -5
4 59 -6
4 60 7
4 62 5
4 63 -8
4 64 10
5 6 14
5 7 -8
5 8 1
5 9 15
5 11 -8
5 12 7
5 14 7
5 15 -10
5 18 -10
5 19 -5
5 21 -4
5 24 -5
5 25 -2
5 26 9
5 31 14
5 33 6
5 34 -4
5 46 14
5 50 -6
5 52 2
5 53 -3
5 55 9
5 56 5
5 58 -2
5 60 15
5 61 -2
5 62 12
5 63 -8
5 64 12
6 8 7
6 9 -2
6 11 -14
6 12 -2
6 13 2
6 15 -13
6 16 -15
6 22 2
6 26 6
6 29 5
6 32 3
6 33 13
6 35 -6
6 37 3
6 38 2
6 39 -10
6 40 -14
6 42 8
6 44 9
6 45 -7
6 46 6
6 48 -5
6 49 2
6 50 -8
6 52 5
6 54 13
6 60 7
6 62 10
6 64 8
7 8 8
7 12 15
7 15 2
7 16 -8
7 17 13
7 19 -7
7 20 7
7 21 -2
7 22 -2
7 23 -1
7 24 -1
7 25 -5
7 27 -10
7 28 15
7 31 -3
7 33 -10
7 40 1
7 41 12
7 42 10
7 43 -6
7 45 1
7 46 -10
7 47 -10
7 49 3
7 56 9
7 58 12
7 59 -9
7 63 14
8 10 -12
8 14 7
8 15 -3
8 17 -1
8 18 -4
8 20 -3
8 22 -1
8 25 12
8 26 -12
8 27 1
8 29 1
8 32 9
8 34 6
8 40 -6
8 41 -13
8 43 4
8 44 -7
8 45 -11
8 47 -5
8 50 14
8 53 -8
8 55 13
8 58 2
8 59 5
8 61 15
8 64 -12
9 10 8
9 11 -3
9 12 -13
9 13 13
9 16 -5
9 19 -10
9 20 4
9 22 12
9 23 1
9 24 -3
9 25 -15
9 26 -10
9 29 -3
9 30 12
9 31 -6
9 34 -14
9 35 -9
9 39 7
9 40 -12
9 42 -14
9 43 -14
9 45 5
9 50 -4
9 51 -12
9 52 -2
9 53 6
9 57 8
9 59 6
9 62 -10
9 64 -4
10 11 -11
10 12 1
10 20 -4
10 21 7
10 29 -1
10 30 4
10 31 7
10 33 14
10 35 -14
10 37 -10
10 39 -14
10 40 -9
10 42 11
10 43 -8
10 48 8
10 51 12
10 54 -10
10 56 -15
10 58 15
10 60 -5
10 61 10
10 62 -9
10 63 10
11 14 5
11 17 2
11 18 3
11 20 12
11 21 -15
11 22 -1
11 23 11
11 24 15
11 29 12
11 30 -2
11 31 4
11 39 3
11 42 -12
11 43 -1
11 44 10
11 46 -2
11 47 13
11 48 15
11 50 -11
11 59 -13
11 60 9
11 61 -2
11 62 8
11 64 10
12 15 15
12 16 11
12 19 -15
12 21 -12
12 23 -3
12 28 -6
12 29 -14
12 30 8
12 31 4
12 32 -13
12 34 14
12 35 15
12 40 -3
12 41 7
12 45 -7
12 46 3
12 47 -2
12 52 6
12 54 9
12 55 -9
12 56 8
12 63 -11
13 19 3
13 20 2
13 23 -11
13 25 -5
13 26 -1
13 27 -7
13 32 -2
13 33 -15
13 37 3
13 38 -8
13 39 1
13 40 -14
13 42 -10
13 43 4
13 44 2
13 47 -1
13 51 -10
13 52 -3
13 61 5
13 64 2
14 15 6
14 21 14
14 24 -12
14 25 14
14 26 -7
14 28 12
14 29 -7
14 30 1
14 32 12
14 33 1
14 34 -6
14 36 -14
14 37 -4
14 38 6
14 39 8
14 41 -3
14 42 4
14 44 -10
14 51 8
14 52 10
14 55 -7
14 56 5
14 59 5
14 60 -9
14 61 9
15 16 -3
15 17 3
15 18 11
15 19 -15
15 21 6
15 23 -3
15 26 6
15 27 -14
15 28 -11
15 31 8
15 33 -12
15 37 -12
15 38 -10
15 39 13
15 42 -1
15 44 7
15 45 -7
15 46 6
15 47 15
15 48 -15
15 50 -14
15 51 15
15 52 -1
15 53 3
15 54 -6
15 55 11
15 60 3
15 64 -14
16 17 11
16 22 -5
16 23 -4
16 24 12
16 28 -2
16 31 6
16 32 4
16 34 3
16 36 -9
16 38 8
16 39 6
16 40 9
16 42 2
16 43 -2
16 45 -2
16 53 13
16 54 -2
16 55 12
16 57 -2
16 60 4
16 61 -7
16 62 12
17 18 -8
17 21 5
17 22 9
17 23 -9
17 24 -3
17 26 -8
17 27 6
17 28 -1
17 29 8
17 31 -5
17 34 -2
17 35 10
17 36 -8
17 39 10
17 41 5
17 42 5
17 43 -12
17 45 -10
17 49 14
17 51 -9
17 53 -14
17 56 10
17 57 6
17 62 3
17 64 -14
18 20 -11
18 24 -10
18 28 10
18 29 8
18 30 13
18 32 -14
18 34 7
18 37 2
18 39 -5
18 40 1
18 41 2
18 43 12
18 44 -4
18 50 -6
18 52 10
18 53 -15
18 54 -6
18 55 5
18 56 10
18 57 11
18 60 -4
18 62 12
18 63 1
18 64 -10
19 20 -14
19 22 14
19 23 -8
19 25 12
19 26 -11
19 28 8
19 31 2
19 32 8
19 35 7
19 36 -11
19 39 11
19 41 7
19 49 -9
19 50 15
19 52 5
19 56 9
19 57 -1
20 22 1
20 23 -5
20 25 -15
20 29 -15
20 32 -14
20 33 9
20 34 -15
20 36 15
20 37 9
20 38 -14
20 39 8
20 40 -1
20 41 7
20 45 -3
20 46 -9
20 47 13
20 49 15
20 50 9
20 51 8
20 54 -10
20 55 -2
20 56 -6
20 62 9
20 64 11
21 22 11
21 23 7
21 28 -12
21 33 10
21 34 10
21 37 -5
21 38 -5
21 42 6
21 43 -7
21 44 15
21 45 4
21 49 7
21 51 -12
21 52 15
21 53 13
21 57 -2
21 58 -14
21 61 6
21 63 -15
21 64 11
22 24 -14
22 25 12
22 26 -4
22 28 -1
22 29 1
22 31 6
22 33 10
22 35 -9
22 36 6
22 38 -15
22 41 7
22 42 2
22 44 -2
22 46 -8
22 48 -2
22 49 -2
22 50 13
22 51 6
22 52 -4
22 54 -13
22 55 -8
22 60 -6
23 25 -2
23 26 -3
23 27 8
23 28 -2
23 29 4
23 30 9
23 31 -12
23 32 -6
23 34 4
23 37 3
23 38 -14
23 39 11
23 40 7
23 45 -15
23 46 3
23 49 -5
23 50 -11
23 58 -14
23 59 1
23 60 7
23 61 9
23 62 -3
23 63 12
24 25 5
24 26 13
24 27 -1
24 30 -9
24 31 -8
24 32 -6
24 33 10
24 35 -14
24 37 -14
24 42 -13
24 43 13
24 47 11
24 51 5
24 53 10
24 54 -14
24 55 -10
24 57 -8
24 58 -8
24 59 -4
24 62 4
25 27 -3
25 28 6
25 32 -4
25 33 13
25 35 15
25 37 -14
25 41 -3
25 43 -1
25 44 9
25 47 11
25 48 -11
25 53 -15
25 56 14
25 57 13
25 58 -15
25 59 13
25 63 10
26 28 10
26 29 -7
26 31 -6
26 32 -1
26 36 9
26 38 -9
26 39 -6
26 43 -11
26 45 -15
26 46 -12
26 49 6
26 50 14
26 52 10
26 54 -9
26 58 -5
26 59 6
26 62 -5
26 63 -6
27 28 -9
27 29 12
27 33 -2
27 36 12
27 37 4
27 39 8
27 40 1
27 43 5
27 44 13
27 45 5
27 47 4
27 48 3
27 51 -2
27 53 3
27 54 3
27 57 9
27 58 3
27 59 14
27 60 -15
27 62 -3
27 63 -5
27 64 -9
28 31 13
28 32 -8
28 33 6
28 34 9
28 37 -10
28 41 4
28 42 -1
28 44 -7
28 46 -9
28 47 -6
28 48 2
28 50 4
28 51 -12
28 52 -15
28 53 -13
28 54 -10
28 57 -1
28 59 -13
28 60 -10
28 63 -13
28 64 -14
29 32 -3
29 33 -6
29 34 4
29 36 -12
29 37 -12
29 38 -6
29 39 -11
29 40 4
29 41 -6
29 43 -14
29 47 11
29 48 -6
29 49 13
29 52 -5
29 55 6
29 56 5
29 57 -13
29 61 -15
29 62 3
30 31 -15
30 32 -4
30 33 -10
30 35 -12
30 40 2
30 42 -2
30 43 12
30 44 4
30 45 2
30 46 -9
30 50 -3
30 54 -12
30 56 14
30 57 -14
30 58 2
30 60 2
30 62 -12
30 63 14
31 33 -9
31 34 10
31 37 -9
31 38 -11
31 39 2
31 41 -2
31 42 -3
31 45 12
31 46 -6
31 49 -7
31 50 -4
31 53 15
31 55 -4
31 58 8
31 59 -7
31 60 5
31 61 -2
31 63 12
31 64 15
32 35 -4
32 37 -13
32 38 10
32 39 -2
32 40 4
32 42 1
32 44 8
32 45 -12
32 46 4
32 47 -4
32 49 4
32 50 -3
32 51 2
32 53 -11
32 54 5
32 56 10
32 58 10
32 59 -14
32 60 6
32 61 -11
33 34 -7
33 38 3
33 39 12
33 40 9
33 42 -14
33 44 -7
33 45 -7
33 47 11
33 50 10
33 51 2
33 53 -4
33 56 -5
33 61 -5
33 62 -13
33 64 -13
34 37 10
34 38 -11
34 39 13
34 40 5
34 41 -1
34 44 -10
34 45 5
34 46 -1
34 48 12
34 49 8
34 50 8
34 52 -3
34 56 -14
34 59 11
34 61 -6
34 64 -3
35 37 -7
35 38 11
35 43 -12
35 48 9
35 50 -1
35 52 -2
35 56 13
35 57 -10
35 58 7
35 59 6
35 60 9
35 61 13
35 64 15
36 39 -14
36 41 -11
36 42 2
36 44 -2
36 45 -3
36 46 8
36 49 -10
36 52 -13
36 53 7
36 54 -8
36 55 11
36 56 5
36 60 9
36 61 3
36 63 1
37 38 6
37 40 7
37 41 -8
37 42 2
37 50 7
37 51 13
37 52 -13
37 53 -9
37 57 -14
37 58 12
37 59 11
37 62 11
38 41 -10
38 44 -1
38 45 14
38 46 -13
38 47 12
38 48 1
38 49 -13
38 51 14
38 52 2
38 53 3
38 57 15
38 58 2
38 60 10
38 61 4
38 64 -14
39 43 -13
39 46 -4
39 49 -2
39 51 -14
39 52 -2
39 53 12
39 56 1
39 58 10
39 59 6
39 63 12
39 64 7
40 43 12
40 48 -1
40 49 12
40 51 8
40 52 5
40 53 -14
40 54 -12
40 56 -10
40 57 -12
40 59 4
40 62 9
40 63 -8
40 64 -11
41 42 -4
41 44 7
41 48 -11
41 49 -11
41 51 -10
41 52 -12
41 53 7
41 55 -15
41 56 -6
41 57 5
41 58 10
41 60 -14
41 64 6
42 44 -1
42 45 3
42 47 -5
42 48 -14
42 49 3
42 50 -2
42 51 -3
42 52 5
42 54 4
42 55 -1
42 61 14
42 62 5
42 63 -3
42 64 -5
43 44 -1
43 46 -12
43 49 10
43 52 -15
43 53 6
43 55 -1
43 56 -8
43 58 -5
43 60 -12
44 46 -3
44 47 -3
44 48 2
44 51 -3
44 52 12
44 53 15
44 55 8
44 58 -10
44 59 8
45 52 -1
45 53 -1
45 55 14
45 58 2
45 63 -9
46 49 -8
46 54 -1
46 56 1
46 58 10
46 59 -1
46 60 7
46 64 -7
47 48 2
47 52 -14
47 54 14
47 55 4
47 57 10
47 58 12
47 59 -11
47 60 2
47 61 8
47 62 -1
47 63 5
48 52 -12
48 59 -8
48 61 -2
48 64 -4
49 51 13
49 52 10
49 53 -9
49 54 -15
49 55 -4
49 56 15
49 59 1
49 61 3
49 62 -10
49 64 4
50 51 -12
50 52 -3
50 53 8
50 54 -3
50 56 -15
50 58 14
50 59 8
50 61 -14
50 62 -13
50 63 -11
50 64 11
51 52 11
51 53 11
51 55 -12
51 56 -1
51 58 -12
51 59 -15
51 61 -1
51 63 -12
52 54 7
52 57 5
52 62 -1
53 55 -9
53 59 -7
53 60 9
53 61 1
53 62 -11
53 64 7
54 56 12
54 58 3
54 62 8
54 64 5
55 57 -9
55 58 13
55 61 11
55 62 -3
55 63 -14
56 57 9
56 58 -10
56 60 14
56 62 6
57 58 -11
57 59 2
57 60 -13
57 61 -12
57 62 4
58 62 -1
58 63 -9
58 64 -4
59 60 10
59 62 -15
59 63 -3
59 64 -7
60 61 4
60 63 13
60 64 12
61 62 -1
62 64 -1
63 64 -15
