64 1008
1 2 7
1 3 -14
1 4 -13
1 9 14
1 11 -8
1 12 6
1 13 11
1 15 -14
1 16 -2
1 17 12
1 19 -15
1 20 14
1 22 -14
1 25 15
1 26 14
1 28 3
1 30 -7
1 31 10
1 32 -9
1 34 -3
1 35 11
1 36 3
1 37 15
1 38 5
1 41 -12
1 42 -13
1 44 13
1 45 9
1 52 -15
1 54 -14
1 55 -4
1 56 1
1 58 -9
1 59 2
1 63 2
1 64 14
2 3 -9
2 4 5
2 6 -14
2 8 -5
2 11 -7
2 13 -11
2 16 -11
2 17 -11
2 19 -3
2 21 10
2 22 1
2 23 10
2 28 10
2 29 -15
2 32 3
2 37 -12
2 39 6
2 40 3
2 46 -2
2 51 11
2 54 2
2 55 -15
2 57 -9
2 60 -11
2 61 10
2 62 6
2 63 1
3 4 -15
3 5 13
3 6 5
3 7 9
3 8 4
3 11 5
3 12 2
3 18 10
3 20 -2
3 22 12
3 23 -4
3 26 -13
3 28 8
3 30 -12
3 33 10
3 35 9
3 37 12
3 38 9
3 42 -11
3 46 -7
3 47 9
3 48 -15
3 49 -5
3 51 -6
3 53 4
3 54 -5
3 56 9
3 57 11
3 59 4
3 60 5
3 61 5
3 62 -3
3 64 13
4 8 -12
4 10 2
4 13 2
4 14 -8
4 16 3
4 20 14
4 21 7
4 22 -7
4 24 -4
4 25 -5
4 26 -1
4 27 11
4 28 -11
4 29 13
4 32 -1
4 38 4
4 40 5
4 41 4
4 43 -15
4 46 -11
4 48 12
4 52 5
4 53 -13
4 55 1
4 56 6
4 57 12
4 60 10
4 61 -15
4 64 5
5 6 6
5 7 13
5 8 13
5 9 -5
5 11 -13
5 13 10
5 14 1
5 15 5
5 18 -6
5 22 12
5 23 -3
5 27 9
5 28 -15
5 31 -4
5 32 -1
5 34 1
5 35 6
5 36 13
5 39 -3
5 40 -14
5 43 -6
5 44 12
5 49 -2
5 56 -11
5 58 15
5 60 15
6 8 -12
6 14 -10
6 17 -14
6 18 2
6 20 -2
6 24 -7
6 25 -6
6 27 6
6 28 -2
6 30 14
6 31 -14
6 33 6
6 39 10
6 40 3
6 41 -11
6 42 -5
6 43 -3
6 45 -1
6 46 -14
6 47 -9
6 49 -1
6 50 15
6 52 -2
6 53 -1
6 54 -7
6 57 -14
6 59 7
6 64 -12
7 9 10
7 13 -15
7 14 12
7 15 -9
7 16 1
7 17 -2
7 18 8
7 20 12
7 21 -8
7 23 -6
7 24 11
7 25 -6
7 26 -8
7 30 -12
7 31 15
7 32 9
7 34 -1
7 36 -7
7 37 -2
7 38 -6
7 39 9
7 40 -12
7 41 -14
7 44 -3
7 45 12
7 47 2
7 48 9
7 52 6
7 53 -6
7 54 -15
7 55 -11
7 56 -12
7 57 -5
7 58 7
7 59 -8
7 60 -2
7 61 -8
8 9 -2
8 11 -3
8 12 1
8 13 -8
8 14 -10
8 22 3
8 23 -8
8 26 -7
8 29 13
8 34 9
8 36 -3
8 38 -6
8 39 -11
8 40 -11
8 41 -10
8 44 -6
8 45 13
8 46 2
8 49 7
8 50 -7
8 51 -8
8 53 15
8 57 5
8 59 7
8 60 15
8 61 -13
8 62 1
8 63 5
8 64 1
9 11 -13
9 12 -14
9 13 5
9 14 11
9 15 -2
9 18 -9
9 20 -1
9 24 -1
9 26 -2
9 27 -4
9 28 4
9 29 12
9 31 -13
9 34 9
9 36 -4
9 37 1
9 38 2
9 43 -5
9 44 12
9 45 -9
9 46 3
9 47 -7
9 49 8
9 62 9
9 63 -11
9 64 9
10 12 -9
10 14 3
10 17 -4
10 23 11
10 24 4
10 25 7
10 27 15
10 29 6
10 31 8
10 33 15
10 35 -13
10 36 -9
10 38 13
10 39 -4
10 40 4
10 42 -11
10 43 -11
10 44 -14
10 47 8
10 48 2
10 49 -11
10 50 -15
10 51 -13
10 53 -5
10 56 4
10 61 9
10 62 -14
10 63 -11
10 64 6
11 13 -12
11 14 4
11 18 -10
11 19 -5
11 20 9
11 21 14
11 22 13
11 23 14
11 24 -6
11 25 6
11 29 12
11 31 11
11 33 3
11 35 14
11 37 -8
11 39 -2
11 42 -4
11 43 -1
11 44 9
11 49 15
11 51 -7
11 53 -13
11 54 13
11 57 14
11 59 11
11 61 -5
11 64 9
12 13 -6
12 14 -4
12 15 -15
12 17 6
12 18 10
12 19 -6
12 20 -8
12 21 13
12 23 -2
12 24 -3
12 25 7
12 29 -15
12 30 -13
12 34 -1
12 36 -10
12 38 -13
12 42 -7
12 46 -11
12 47 -12
12 48 6
12 49 5
12 50 -12
12 54 -11
12 55 -12
12 57 12
12 60 -13
12 63 -3
13 15 -14
13 17 6
13 19 4
13 23 -8
13 30 -5
13 32 -8
13 34 1
13 36 -5
13 38 -14
13 40 -9
13 41 8
13 42 -9
13 43 -2
13 44 -10
13 45 -9
13 46 -12
13 47 -9
13 48 -9
13 49 3
13 51 6
13 52 -6
13 53 14
13 58 4
13 59 4
13 61 3
13 62 4
13 63 -1
13 64 -9
14 20 -3
14 21 1
14 25 -10
14 31 14
14 32 -9
14 33 13
14 37 7
14 38 5
14 40 -14
14 43 12
14 44 -12
14 47 3
14 50 -10
14 58 1
14 60 -3
14 63 13
14 64 -4
15 17 -10
15 18 8
15 20 7
15 21 -10
15 26 -1
15 29 15
15 30 -14
15 31 14
15 32 15
15 38 4
15 42 -8
15 44 -15
15 45 -1
15 47 4
15 48 -11
15 50 9
15 51 -6
15 52 6
15 53 9
15 56 -10
15 57 1
15 59 12
15 60 -14
15 63 -8
16 17 12
16 18 -4
16 19 7
16 23 1
16 24 8
16 25 -8
16 28 -7
16 29 -4
16 31 -8
16 32 2
16 33 8
16 36 1
16 39 6
16 40 -12
16 48 -2
16 49 13
16 50 3
16 52 -7
16 53 9
16 57 -1
16 58 5
16 62 1
16 64 -13
17 18 -1
17 19 -11
17 24 9
17 27 -4
17 31 9
17 33 -11
17 34 -8
17 35 7
17 36 -7
17 37 6
17 38 -12
17 40 -8
17 41 15
17 44 -1
17 45 -8
17 46 -6
17 47 -2
17 49 7
17 53 -10
17 56 8
17 59 -7
17 60 7
17 61 10
17 62 4
17 64 -15
18 22 -11
18 27 5
18 29 -6
18 30 -1
18 32 -15
18 33 11
18 34 6
18 35 12
18 38 -10
18 40 8
18 41 -1
18 44 1
18 48 -12
18 49 15
18 51 -10
18 54 -12
18 58 -9
18 60 -9
18 61 11
19 22 -15
19 23 14
19 24 -3
19 26 -11
19 27 11
19 28 -11
19 29 -4
19 30 -7
19 32 1
19 35 1
19 36 2
19 37 -2
19 38 -14
19 42 11
19 44 3
19 45 -9
19 46 7
19 47 -1
19 48 6
19 53 -11
19 58 8
19 60 -14
19 61 -5
19 62 14
19 63 12
20 22 -7
20 23 2
20 26 11
20 29 9
20 30 14
20 31 -2
20 32 14
20 33 -1
20 34 -15
20 35 15
20 37 6
20 39 10
20 40 1
20 41 10
20 45 5
20 49 6
20 50 14
20 51 -14
20 53 12
20 56 -4
20 57 9
20 60 -14
20 63 4
20 64 15
21 23 10
21 25 -2
21 26 -9
21 27 13
21 28 3
21 30 -12
21 31 11
21 32 -1
21 33 3
21 37 -2
21 46 -8
21 50 -1
21 53 9
21 55 -1
21 56 -14
21 59 -8
21 60 14
21 63 1
22 24 15
22 25 2
22 26 15
22 27 -11
22 33 3
22 34 14
22 39 -10
22 42 -8
22 45 6
22 51 5
22 52 -10
22 53 -8
22 54 -2
22 55 8
22 56 10
22 59 2
22 63 -7
22 64 -9
23 24 11
23 25 1
23 28 6
23 31 -15
23 36 12
23 37 14
23 38 -3
23 39 6
23 41 -11
23 42 15
23 43 9
23 45 7
23 46 15
23 50 -8
23 51 2
23 52 -2
23 55 7
23 57 -6
23 62 8
23 63 -2
24 25 5
24 26 -6
24 27 -14
24 29 11
24 39 -15
24 40 -3
24 41 -1
24 42 6
24 44 -2
24 46 1
24 47 1
24 48 15
24 52 -8
24 54 -8
24 56 -13
24 57 -3
24 59 -8
24 61 -14
24 63 -1
24 64 -5
25 26 9
25 28 -8
25 34 -13
25 36 -12
25 37 -13
25 40 8
25 44 -10
25 46 15
25 47 -4
25 50 -8
25 51 -12
25 52 -11
25 57 -8
25 58 13
25 59 9
25 64 6
26 27 6
26 29 10
26 31 -14
26 34 -8
26 35 -12
26 36 -12
26 39 12
26 40 4
26 43 -6
26 44 -15
26 45 7
26 47 11
26 49 7
26 50 11
26 51 -4
26 53 13
26 54 -12
26 56 3
26 57 10
26 64 -10
27 29 14
27 30 -3
27 31 -14
27 33 1
27 35 -12
27 39 -3
27 40 -1
27 42 -3
27 47 8
27 49 -7
27 51 9
27 53 -7
27 57 -4
27 58 -4
27 59 8
27 60 2
27 61 -4
27 62 -10
27 63 -15
28 31 -12
28 35 3
28 37 5
28 39 15
28 40 -8
28 42 11
28 44 -7
28 45 12
28 46 13
28 47 -9
28 48 15
28 49 -14
28 51 -3
28 52 -11
28 53 -13
28 54 10
28 56 15
28 57 -12
28 59 14
28 61 -5
29 30 -3
29 33 8
29 36 -4
29 41 -4
29 42 11
29 43 -4
29 45 -5
29 47 -12
29 51 -15
29 52 -4
29 55 -12
29 58 8
29 59 15
29 62 12
29 63 -13
30 31 12
30 33 -10
30 34 -14
30 37 1
30 38 -3
30 39 9
30 45 9
30 46 1
30 49 -13
30 50 -2
30 53 13
30 54 -14
30 55 8
30 56 12
30 57 4
30 60 -7
30 62 -2
30 63 10
30 64 13
31 33 -4
31 36 1
31 38 -9
31 42 -14
31 43 13
31 45 11
31 46 4
31 47 15
31 48 -8
31 49 11
31 50 8
31 52 -3
31 54 14
31 56 14
31 58 5
31 59 11
31 60 -11
31 62 -13
32 42 -9
32 45 7
32 47 -14
32 51 9
32 54 -8
32 55 9
32 56 1
32 58 10
32 59 15
32 60 10
32 62 3
32 63 -11
32 64 4
33 37 12
33 38 -9
33 39 -15
33 40 -9
33 41 -12
33 42 6
33 44 1
33 46 11
33 48 9
33 51 7
33 52 13
33 54 15
33 55 -13
33 56 6
33 58 7
33 59 4
33 61 -11
33 64 -15
34 35 13
34 36 -3
34 37 -8
34 38 13
34 42 11
34 43 -6
34 44 -11
34 45 -3
34 47 8
34 48 2
34 51 -13
34 52 14
34 53 -2
34 54 -1
34 55 -14
34 56 9
34 57 15
34 61 14
34 62 -2
34 63 8
35 37 8
35 39 -6
35 40 -5
35 42 4
35 43 -11
35 45 12
35 46 13
35 49 -15
35 50 9
35 56 7
35 57 -5
35 58 -8
35 60 -15
35 64 -3
36 39 -7
36 40 -4
36 41 -4
36 43 -5
36 48 8
36 49 4
36 52 4
36 54 8
36 55 -12
36 57 -4
36 60 -13
36 63 5
36 64 14
37 38 10
37 40 7
37 42 4
37 44 -6
37 45 5
37 46 11
37 47 -7
37 50 2
37 51 -5
37 54 -12
37 56 -4
37 57 6
37 58 -10
37 60 7
38 39 -7
38 42 -4
38 43 8
38 45 -6
38 49 -13
38 51 9
38 53 5
38 54 6
38 57 10
38 58 8
38 62 -4
39 40 -8
39 44 -8
39 45 -1
39 46 -1
39 47 -15
39 48 15
39 49 -1
39 50 -3
39 57 4
39 58 -8
39 62 -9
40 44 -7
40 45 4
40 47 12
40 48 9
40 49 -11
40 52 -15
40 55 -10
40 57 15
40 58 -1
40 60 6
40 61 5
40 64 -1
41 42 -1
41 43 5
41 47 8
41 50 2
41 51 -2
41 52 -11
41 56 15
41 57 8
41 59 7
41 60 14
41 63 -3
42 43 -9
42 45 -8
42 46 2
42 49 -3
42 50 -7
42 51 6
42 52 -5
42 53 1
42 56 9
42 60 -1
42 62 -15
42 63 -10
42 64 10
43 44 3
43 45 3
43 49 -15
43 51 -3
43 54 -1
43 55 -14
43 56 12
43 59 -1
43 60 -11
43 63 9
44 45 12
44 48 14
44 50 4
44 52 -6
44 53 -1
44 54 3
44 57 4
44 58 -8
44 63 -5
45 46 -1
45 48 13
45 49 -8
45 50 7
45 58 8
45 59 9
45 62 2
45 63 10
45 64 -2
46 48 -11
46 50 -1
46 51 -12
46 53 -14
46 54 5
46 58 7
46 61 9
46 62 -6
46 63 -4
46 64 -12
47 50 -1
47 54 1
47 55 -12
47 59 -14
47 61 -13
47 62 -5
47 63 7
48 50 9
48 52 -3
48 53 -13
48 54 -5
48 55 4
48 56 5
48 58 -3
48 59 -12
48 60 14
48 63 -13
49 52 1
49 53 2
49 54 -5
49 55 8
49 56 -15
49 57 7
49 62 7
49 63 10
50 53 8
50 54 -4
50 55 2
50 56 -4
50 57 10
50 58 3
50 59 -12
50 60 -12
50 61 -13
50 62 12
50 63 -9
51 54 -8
51 55 -9
51 58 8
51 59 -15
51 60 2
51 61 11
51 62 5
51 64 -10
52 53 -11
52 54 -10
52 56 -1
52 57 -6
52 60 15
52 61 5
52 64 -1
53 54 -5
53 57 3
53 58 13
53 63 7
53 64 5
54 57 7
54 59 -5
54 60 -1
54 64 -7
55 56 2
55 57 10
55 61 6
55 63 -9
56 58 -14
56 62 8
57 59 -9
57 60 3
57 62 -5
57 64 -7
58 61 -12
58 64 -1
59 60 8
59 62 -7
60 61 -9
60 63 -10
60 64 -3
62 63 10
