64 1411
1 2 -9
1 3 -4
1 5 -13
1 7 -10
1 8 -8
1 11 3
1 15 -4
1 16 -8
1 17 6
1 18 5
1 19 15
1 21 -1
1 22 6
1 23 -3
1 26 -8
1 28 -1
1 30 -2
1 31 -11
1 33 -14
1 34 -14
1 35 -10
1 37 -10
1 38 12
1 39 -5
1 41 -5
1 42 9
1 43 1
1 44 3
1 45 7
1 46 11
1 47 1
1 49 -5
1 50 -1
1 51 3
1 52 5
1 61 2
1 62 -12
1 63 15
1 64 14
2 4 -8
2 5 -10
2 7 -10
2 8 -15
2 9 2
2 10 11
2 12 -11
2 13 -6
2 14 14
2 15 13
2 17 -2
2 19 15
2 20 14
2 21 4
2 22 -6
2 23 5
2 24 -3
2 25 12
2 26 -15
2 27 8
2 28 5
2 29 3
2 30 12
2 31 2
2 32 13
2 33 -9
2 34 -1
2 35 -4
2 36 8
2 37 10
2 38 -14
2 41 13
2 42 6
2 43 -9
2 45 8
2 47 8
2 50 5
2 51 10
2 52 4
2 53 3
2 54 2
2 55 -15
2 56 -15
2 58 3
2 59 4
2 61 8
2 63 -2
2 64 -1
3 5 -3
3 8 -2
3 10 -9
3 11 2
3 12 -9
3 14 12
3 15 6
3 17 -13
3 18 11
3 19 6
3 20 5
3 21 6
3 23 12
3 25 -14
3 26 -10
3 27 -3
3 29 -11
3 30 8
3 31 -7
3 32 6
3 34 -11
3 35 3
3 36 -10
3 37 10
3 38 -7
3 40 -6
3 41 -3
3 42 -5
3 43 11
3 44 6
3 45 -3
3 46 -4
3 47 -10
3 50 12
3 51 5
3 52 5
3 53 4
3 56 -10
3 57 -7
3 58 13
3 59 -3
3 61 14
3 62 -1
4 6 -11
4 8 3
4 9 12
4 10 -8
4 11 8
4 12 -7
4 16 -14
4 18 -3
4 20 -7
4 22 -4
4 23 -15
4 24 15
4 26 -5
4 30 -15
4 31 1
4 32 9
4 33 -2
4 34 15
4 35 8
4 36 -13
4 38 -11
4 39 6
4 41 -7
4 42 6
4 43 14
4 44 -8
4 46 -13
4 47 14
4 49 -7
4 50 -15
4 51 10
4 52 4
4 53 -15
4 54 -6
4 55 -8
4 56 3
4 58 14
4 59 -15
4 60 -6
4 62 -7
4 63 -8
4 64 5
5 6 -7
5 7 -12
5 8 10
5 10 14
5 13 1
5 14 15
5 16 -4
5 17 -2
5 18 -10
5 19 -11
5 21 10
5 22 -11
5 23 9
5 24 -3
5 25 5
5 26 -3
5 28 -11
5 30 -12
5 31 -14
5 32 9
5 35 -13
5 38 11
5 40 8
5 41 4
5 43 -13
5 46 8
5 47 14
5 48 12
5 49 -6
5 50 -6
5 51 -9
5 53 10
5 55 4
5 58 11
5 59 -8
5 60 8
5 61 -6
5 63 -12
5 64 1
6 7 13
6 8 6
6 9 -14
6 10 -15
6 12 -6
6 14 4
6 19 10
6 20 -5
6 21 4
6 22 6
6 23 2
6 24 2
6 25 15
6 27 -12
6 28 -3
6 30 4
6 32 -7
6 33 12
6 34 3
6 35 9
6 36 -2
6 37 3
6 39 8
6 40 -10
6 41 -14
6 43 10
6 44 9
6 45 -6
6 47 -8
6 48 -1
6 49 6
6 50 -4
6 51 9
6 52 -13
6 53 -14
6 55 -10
6 56 15
6 57 -14
6 58 -1
6 59 -8
6 60 7
6 62 -5
6 63 -5
6 64 15
7 8 -9
7 11 -13
7 13 -8
7 14 -8
7 16 3
7 17 -9
7 19 8
7 20 -3
7 21 -12
7 23 9
7 24 -7
7 25 -6
7 26 3
7 27 9
7 30 4
7 31 2
7 33 -12
7 35 5
7 36 13
7 38 -13
7 42 3
7 45 -5
7 46 -4
7 47 -7
7 49 -6
7 50 13
7 51 -11
7 52 -6
7 53 -10
7 55 -15
7 56 -13
7 57 7
7 58 -3
7 59 8
7 60 -1
7 63 -9
8 9 1
8 10 -12
8 11 9
8 14 -4
8 16 -15
8 17 -1
8 18 -4
8 21 -9
8 22 -2
8 24 14
8 26 -14
8 27 4
8 28 11
8 29 11
8 30 5
8 31 14
8 32 -13
8 33 9
8 34 -11
8 37 8
8 38 1
8 40 12
8 41 11
8 42 4
8 43 6
8 45 -3
8 47 -7
8 50 11
8 51 15
8 52 -12
8 53 -1
8 54 -10
8 55 -5
8 56 8
8 57 10
8 59 7
8 60 -9
8 61 -2
8 63 10
8 64 12
9 13 13
9 14 10
9 15 -1
9 19 -9
9 20 12
9 21 -4
9 22 13
9 23 -14
9 24 -6
9 25 -1
9 26 3
9 27 -5
9 28 -12
9 29 -5
9 30 -12
9 31 -13
9 33 -1
9 35 -9
9 38 15
9 40 -1
9 41 12
9 46 -14
9 47 -9
9 50 10
9 51 -7
9 52 -10
9 53 -15
9 54 8
9 56 2
9 57 14
9 59 -14
9 60 3
9 62 -11
9 63 3
9 64 10
10 13 5
10 15 6
10 16 2
10 18 -3
10 19 9
10 20 6
10 21 -2
10 22 -5
10 24 -13
10 25 1
10 26 8
10 31 -3
10 33 14
10 34 -5
10 36 -7
10 37 7
10 39 14
10 40 -12
10 41 6
10 42 1
10 43 -9
10 45 -8
10 46 -3
10 47 -10
10 48 6
10 49 -13
10 50 10
10 51 11
10 52 -12
10 53 7
10 54 -1
10 56 6
10 57 3
10 58 -7
10 60 7
10 61 14
10 62 -15
10 63 5
10 64 13
11 12 14
11 14 8
11 15 -1
11 16 -4
11 17 -7
11 20 12
11 21 13
11 22 -1
11 23 4
11 24 -9
11 25 -6
11 26 3
11 28 12
11 31 7
11 33 7
11 35 11
11 40 -4
11 41 -2
11 42 1
11 43 -6
11 44 -13
11 45 1
11 46 -8
11 48 12
11 49 2
11 50 13
11 51 3
11 52 -13
11 53 14
11 58 -9
11 60 5
11 61 -8
11 62 -9
11 63 1
11 64 -13
12 13 -15
12 15 -14
12 16 7
12 19 -9
12 20 10
12 23 -10
12 25 -12
12 26 -3
12 27 -13
12 28 -7
12 29 -7
12 30 -4
12 31 -6
12 32 -7
12 33 7
12 34 -2
12 35 14
12 36 5
12 37 -9
12 38 4
12 39 -10
12 40 4
12 41 15
12 42 -2
12 43 10
12 45 -5
12 46 12
12 47 13
12 48 4
12 50 9
12 51 13
12 52 5
12 53 15
12 54 6
12 55 -11
12 56 -6
12 57 -10
12 58 -8
12 59 9
12 61 -8
12 62 9
13 14 1
13 16 11
13 18 4
13 20 -11
13 22 -1
13 23 -8
13 24 -3
13 25 15
13 27 5
13 29 4
13 30 -12
13 31 -5
13 33 -10
13 34 -7
13 35 14
13 37 7
13 38 -6
13 39 7
13 41 -4
13 43 -4
13 44 1
13 45 9
13 46 -10
13 48 8
13 49 4
13 51 10
13 54 -12
13 56 -1
13 57 9
13 59 -13
13 60 -13
13 61 -4
13 62 -15
13 63 5
13 64 -12
14 15 15
14 16 -9
14 17 9
14 20 8
14 21 -9
14 23 10
14 25 8
14 26 2
14 27 7
14 28 -11
14 30 14
14 31 14
14 32 -3
14 34 -14
14 35 14
14 36 -11
14 37 7
14 38 5
14 39 2
14 40 -6
14 42 -12
14 43 9
14 44 6
14 46 -14
14 47 13
14 48 -14
14 51 -2
14 52 4
14 54 -9
14 55 -12
14 56 11
14 62 -8
14 63 11
14 64 -2
15 16 12
15 17 2
15 18 -1
15 19 -1
15 20 -15
15 21 -12
15 22 11
15 23 -4
15 24 3
15 25 -12
15 26 6
15 30 -1
15 32 -5
15 33 8
15 34 -1
15 36 11
15 38 1
15 39 4
15 44 8
15 45 1
15 46 8
15 47 -10
15 48 -10
15 49 -15
15 50 -9
15 51 -9
15 52 14
15 54 -14
15 55 3
15 56 14
15 57 -4
15 58 2
15 60 8
15 61 -10
16 17 11
16 18 1
16 19 -12
16 20 6
16 22 10
16 23 -6
16 24 -5
16 25 2
16 27 10
16 31 -9
16 32 -8
16 35 11
16 36 -6
16 37 -13
16 38 4
16 39 -9
16 40 -4
16 41 -3
16 42 -7
16 43 9
16 44 -7
16 45 -14
16 47 -3
16 50 -1
16 51 11
16 52 6
16 53 2
16 55 7
16 56 11
16 57 4
16 58 -10
16 59 -7
16 62 -15
16 63 -10
16 64 -15
17 18 8
17 19 -6
17 20 12
17 21 -14
17 22 6
17 23 2
17 24 3
17 26 10
17 28 6
17 29 -2
17 30 1
17 32 8
17 33 7
17 34 -13
17 35 -8
17 36 1
17 37 10
17 39 -8
17 44 -9
17 45 -14
17 46 -10
17 47 -8
17 48 9
17 50 -5
17 51 3
17 53 -2
17 54 12
17 55 -4
17 56 14
17 57 5
17 58 4
17 59 12
17 60 -10
17 61 15
17 62 7
17 63 1
17 64 -6
18 19 -10
18 22 -8
18 23 -9
18 25 12
18 26 12
18 27 14
18 28 7
18 29 -9
18 30 -4
18 31 3
18 34 9
18 35 10
18 36 11
18 37 -3
18 39 -10
18 40 -6
18 41 11
18 42 6
18 43 -15
18 44 13
18 46 -3
18 48 -5
18 49 -15
18 50 6
18 53 -7
18 54 11
18 55 -5
18 56 -5
18 57 9
18 59 -10
18 60 -10
18 61 -3
18 62 14
18 64 -12
19 20 -3
19 21 11
19 22 -11
19 23 -8
19 25 -5
19 26 -12
19 27 3
19 29 11
19 30 4
19 32 -2
19 34 6
19 35 6
19 37 -14
19 38 -7
19 39 4
19 40 13
19 42 10
19 43 2
19 44 8
19 46 14
19 47 3
19 49 6
19 50 -3
19 51 12
19 52 -2
19 54 2
19 55 -14
19 56 12
19 57 -10
19 58 2
19 59 12
19 60 13
19 62 -8
19 64 8
20 22 12
20 23 -5
20 24 -9
20 25 -4
20 27 6
20 30 -10
20 32 10
20 33 -12
20 36 -13
20 38 4
20 39 15
20 40 7
20 41 -4
20 42 10
20 43 4
20 45 3
20 48 -1
20 50 -8
20 51 -13
20 53 14
20 54 15
20 57 -4
20 58 12
20 59 13
20 61 -6
20 62 12
20 63 7
21 24 -3
21 25 3
21 26 -4
21 27 -2
21 28 -14
21 31 -15
21 32 -6
21 33 -5
21 36 -3
21 37 -12
21 38 -9
21 40 -4
21 41 8
21 42 3
21 43 -15
21 44 -5
21 45 -14
21 46 13
21 49 -1
21 51 -2
21 52 5
21 55 -10
21 58 10
21 61 -9
21 62 -5
21 63 -7
21 64 5
22 23 5
22 28 14
22 29 -10
22 30 -15
22 31 6
22 32 -12
22 33 -9
22 34 6
22 35 -9
22 36 1
22 38 14
22 39 -4
22 40 -4
22 42 -4
22 43 -12
22 44 10
22 45 -5
22 46 -4
22 47 -6
22 48 -13
22 49 -14
22 50 -10
22 53 -6
22 54 -7
22 55 -4
22 56 7
22 57 2
22 58 8
22 59 -13
22 60 10
22 61 15
22 62 3
23 24 -12
23 25 10
23 27 -13
23 28 -3
23 29 -8
23 30 11
23 31 7
23 32 -13
23 33 9
23 35 -6
23 36 6
23 37 -1
23 38 1
23 39 3
23 40 3
23 42 -3
23 43 9
23 44 7
23 45 7
23 46 -11
23 47 -1
23 48 -6
23 49 -1
23 51 -13
23 52 -14
23 54 -8
23 56 4
23 58 14
23 60 -9
23 63 7
23 64 8
24 25 14
24 26 -15
24 27 11
24 28 -2
24 30 5
24 36 -9
24 38 -13
24 40 4
24 41 11
24 42 10
24 44 -11
24 45 -2
24 46 13
24 48 -8
24 49 10
24 52 1
24 53 6
24 54 -5
24 56 2
24 57 -7
24 59 -6
24 60 -10
24 61 -7
24 62 -4
24 64 -4
25 26 -14
25 27 10
25 28 4
25 29 -9
25 30 4
25 31 2
25 32 -13
25 33 13
25 34 -1
25 35 14
25 37 -13
25 39 8
25 40 7
25 41 14
25 43 -8
25 45 -5
25 46 -6
25 48 12
25 50 -7
25 51 -2
25 52 13
25 53 -15
25 54 -2
25 56 1
25 57 14
25 58 10
25 59 14
25 60 4
25 61 6
25 64 8
26 27 -9
26 28 3
26 29 -1
26 33 7
26 34 10
26 35 9
26 37 -1
26 39 6
26 40 14
26 41 13
26 42 -7
26 43 -15
26 44 3
26 45 -5
26 46 -1
26 49 3
26 50 -9
26 51 -13
26 54 6
26 55 8
26 58 -12
26 59 -6
26 60 -7
26 61 13
26 62 11
26 63 8
26 64 -4
27 28 -3
27 31 8
27 32 15
27 33 12
27 34 12
27 37 7
27 39 3
27 40 5
27 42 -12
27 43 12
27 45 7
27 46 14
27 47 4
27 51 11
27 52 14
27 53 -15
27 54 14
27 55 -14
27 56 -3
27 60 -5
28 30 -2
28 31 -1
28 32 -10
28 33 -4
28 34 10
28 37 -4
28 38 -3
28 39 -2
28 41 7
28 43 -1
28 44 12
28 45 -4
28 46 -2
28 48 9
28 49 -9
28 50 10
28 51 -3
28 53 -11
28 54 -13
28 55 -14
28 57 8
28 60 9
28 61 -9
28 62 7
28 63 -8
28 64 6
29 30 -8
29 31 -15
29 32 13
29 33 12
29 34 -3
29 35 13
29 37 -10
29 40 11
29 41 15
29 42 6
29 43 -15
29 44 -4
29 45 9
29 46 -4
29 47 -14
29 49 1
29 51 -10
29 52 4
29 54 11
29 56 8
29 58 2
29 59 5
29 62 -6
29 63 -15
29 64 9
30 31 -14
30 33 6
30 34 -8
30 35 2
30 36 -11
30 37 -7
30 38 -7
30 39 -15
30 40 13
30 41 2
30 42 5
30 44 14
30 45 -2
30 46 -6
30 47 5
30 48 15
30 49 5
30 50 -7
30 51 6
30 52 -9
30 53 2
30 54 2
30 56 3
30 57 13
30 58 12
30 59 3
30 61 1
30 62 9
30 63 10
30 64 -9
31 32 7
31 33 11
31 34 6
31 37 -2
31 38 -10
31 39 -13
31 40 -10
31 41 -12
31 42 -15
31 43 12
31 44 -4
31 48 8
31 49 7
31 50 -2
31 51 2
31 52 9
31 53 9
31 55 2
31 58 -3
31 61 -15
31 62 5
31 63 -12
31 64 12
32 33 -4
32 34 8
32 37 -9
32 39 11
32 40 -8
32 41 5
32 44 -9
32 46 -14
32 49 -9
32 51 -4
32 52 -13
32 53 -9
32 54 -10
32 55 -8
32 56 -4
32 57 15
32 59 -9
32 60 -9
32 62 3
32 63 8
32 64 -8
33 34 -1
33 35 2
33 36 9
33 37 5
33 39 6
33 40 -5
33 41 9
33 42 11
33 44 9
33 45 2
33 46 -7
33 47 13
33 48 14
33 49 -11
33 50 -2
33 51 -4
33 52 15
33 53 -6
33 56 -7
33 58 8
33 59 -15
33 62 -10
33 63 15
33 64 5
34 35 -5
34 37 -7
34 38 8
34 41 -3
34 44 4
34 45 15
34 46 5
34 47 14
34 48 -4
34 49 -11
34 50 -12
34 51 -14
34 52 -14
34 54 -5
34 55 -9
34 56 -4
34 58 13
34 61 -15
34 62 -4
34 63 -6
34 64 9
35 36 -15
35 38 10
35 39 -9
35 40 6
35 41 13
35 42 12
35 44 -5
35 45 3
35 47 10
35 48 -14
35 49 10
35 50 -15
35 51 15
35 52 -13
35 53 1
35 54 14
35 55 -11
35 56 10
35 57 5
35 58 -10
35 59 14
35 61 13
35 62 -12
35 63 -14
35 64 3
36 37 -3
36 40 9
36 41 3
36 45 -12
36 46 8
36 47 6
36 49 -8
36 50 -13
36 51 -11
36 52 13
36 53 2
36 54 -13
36 55 13
36 56 5
36 58 11
36 59 -8
36 60 2
36 62 12
36 63 6
36 64 -9
37 38 -6
37 41 12
37 44 14
37 45 1
37 46 -1
37 47 10
37 48 10
37 49 -10
37 51 2
37 54 13
37 55 -2
37 57 -2
37 59 1
37 60 13
37 61 -15
37 63 13
37 64 -9
38 39 -6
38 40 -5
38 41 -5
38 42 -1
38 46 -14
38 47 -8
38 48 -11
38 49 2
38 50 12
38 51 1
38 52 1
38 53 -1
38 54 4
38 55 -13
38 56 13
38 57 13
38 58 -7
38 62 7
38 63 -3
38 64 -1
39 40 -4
39 41 -13
39 42 6
39 43 1
39 44 11
39 45 13
39 46 15
39 48 -6
39 49 2
39 50 2
39 52 13
39 54 5
39 57 -2
39 58 -1
39 59 -14
39 60 3
39 62 6
40 41 -8
40 42 4
40 43 14
40 44 9
40 48 13
40 49 12
40 50 11
40 52 -14
40 54 -14
40 56 -12
40 57 -5
40 58 -11
40 59 15
40 60 9
40 61 10
40 62 3
40 64 -6
41 42 11
41 43 -2
41 45 -6
41 46 8
41 48 -14
41 51 -2
41 52 7
41 53 -15
41 54 -10
41 55 12
41 56 -11
41 57 -7
41 58 -6
41 62 15
41 64 -4
42 43 11
42 45 -9
42 46 8
42 47 10
42 49 8
42 50 13
42 51 8
42 53 10
42 54 -4
42 55 7
42 56 9
42 59 6
42 60 -14
42 62 3
42 63 5
42 64 9
43 44 1
43 47 1
43 48 3
43 49 15
43 51 -4
43 52 5
43 54 -6
43 55 10
43 60 9
43 61 4
43 62 -9
43 63 -5
43 64 -15
44 45 -3
44 46 5
44 47 1
44 48 10
44 49 5
44 51 -11
44 54 8
44 56 -10
44 57 9
44 61 9
44 63 10
45 47 -3
45 49 -14
45 52 -10
45 53 6
45 54 -8
45 55 -5
45 56 12
45 58 10
45 59 -11
45 60 12
46 48 -1
46 49 4
46 50 7
46 52 3
46 53 10
46 54 -2
46 57 10
46 58 -5
46 59 -4
46 60 6
46 61 -7
46 63 10
47 50 1
47 51 12
47 52 -1
47 53 -7
47 54 -12
47 55 2
47 56 -15
47 58 -6
47 59 9
47 61 13
47 62 8
47 64 1
48 50 7
48 51 -3
48 52 10
48 53 14
48 56 4
48 59 6
48 60 6
48 62 15
48 64 -1
49 50 3
49 52 9
49 53 -2
49 54 3
49 55 14
49 56 -2
49 57 -3
49 59 3
49 60 5
49 63 10
50 51 4
50 52 9
50 53 -2
50 54 6
50 55 -3
50 58 7
50 59 -5
50 61 12
50 63 10
50 64 6
51 55 -9
51 56 7
51 57 -9
51 58 6
51 59 -5
51 60 -7
51 61 -4
51 63 13
51 64 -13
52 53 -6
52 55 -8
52 56 -2
52 57 5
52 58 9
52 59 -12
52 60 13
52 61 10
52 62 3
52 63 2
52 64 12
53 54 -14
53 58 13
53 59 1
53 60 -8
53 64 -4
54 55 15
54 56 -12
54 57 6
54 58 -5
54 59 -13
54 60 7
54 62 13
54 64 -15
55 56 7
55 57 -12
55 61 8
55 62 -10
55 63 12
56 57 8
56 58 14
56 60 8
56 61 3
56 63 14
56 64 15
57 58 11
57 59 -8
57 60 10
57 62 -7
57 63 6
57 64 11
58 60 -15
58 61 8
58 62 8
58 63 -13
58 64 11
59 60 12
59 62 -15
59 63 -3
60 62 -4
60 63 9
60 64 -6
61 62 7
61 63 -12
61 64 -2
