64 604
1 2 14
1 10 -8
1 11 -2
1 16 12
1 17 7
1 26 7
1 28 -8
1 29 -13
1 31 3
1 32 8
1 36 -9
1 37 -7
1 49 15
1 51 -5
1 52 -6
1 57 12
1 61 -9
1 64 -14
2 3 7
2 4 12
2 7 -11
2 8 6
2 12 -11
2 13 1
2 21 -15
2 25 3
2 27 -10
2 29 -6
2 31 7
2 32 -11
2 39 3
2 41 2
2 42 7
2 44 -1
2 48 -13
2 49 -1
2 51 13
2 58 14
2 59 12
2 63 9
3 7 -12
3 9 -12
3 14 12
3 15 15
3 17 -8
3 19 1
3 20 -2
3 21 -14
3 24 7
3 25 -1
3 26 -3
3 28 -2
3 30 6
3 35 7
3 36 10
3 37 -1
3 58 -8
3 60 -5
3 64 6
4 8 -5
4 9 -11
4 12 4
4 15 9
4 17 12
4 21 -3
4 22 10
4 30 15
4 34 -1
4 35 -8
4 36 -4
4 37 2
4 43 -14
4 44 4
4 47 1
4 48 -12
4 56 -5
4 61 9
5 9 3
5 10 -6
5 12 7
5 14 11
5 20 6
5 23 7
5 25 15
5 27 8
5 28 -8
5 29 -9
5 30 -4
5 34 3
5 35 6
5 36 -12
5 39 -6
5 40 13
5 44 -10
5 46 -11
5 52 -11
5 55 15
5 56 -14
5 57 14
5 58 -7
5 62 1
5 63 12
6 9 9
6 10 -15
6 11 2
6 12 1
6 14 -11
6 18 -9
6 21 15
6 22 8
6 24 5
6 26 -8
6 27 -13
6 29 8
6 30 8
6 39 -7
6 44 -2
6 46 -2
6 53 15
6 60 -5
7 13 6
7 17 -6
7 20 1
7 27 -3
7 28 5
7 30 -14
7 31 -5
7 36 -5
7 40 -1
7 42 6
7 43 4
7 44 5
7 46 4
7 47 12
7 52 -2
7 53 -3
7 56 11
7 58 15
7 59 -11
7 63 12
7 64 -10
8 9 -11
8 10 1
8 12 10
8 14 -8
8 21 -9
8 23 15
8 25 15
8 30 14
8 32 -6
8 34 -11
8 36 -6
8 41 4
8 42 6
8 46 8
8 50 10
8 54 11
8 58 -11
8 60 -1
9 17 -11
9 18 -13
9 20 11
9 24 -12
9 26 13
9 27 8
9 35 -6
9 44 7
9 47 -4
9 50 -7
9 52 -6
9 54 -5
9 55 7
9 56 -1
9 59 -11
10 12 1
10 16 -13
10 17 4
10 19 -4
10 20 9
10 21 6
10 22 6
10 23 7
10 25 -2
10 31 -7
10 45 -13
10 51 13
10 55 -14
10 56 2
10 58 -8
10 62 10
11 13 13
11 14 -14
11 18 3
11 23 -13
11 24 15
11 25 4
11 30 9
11 34 -8
11 41 8
11 42 8
11 45 -7
11 55 -15
11 61 3
11 64 12
12 18 -15
12 19 -10
12 21 -7
12 30 15
12 32 3
12 35 8
12 41 -1
12 43 -4
12 45 7
12 48 -7
12 51 -4
12 59 13
12 61 2
12 63 9
12 64 -1
13 20 -3
13 30 -4
13 43 -14
13 44 -15
13 56 -5
13 61 7
14 15 -11
14 16 -1
14 29 9
14 30 -10
14 43 -12
14 48 13
14 49 -3
14 50 -13
14 53 -7
14 54 10
14 57 2
14 59 -8
14 60 -2
14 62 9
15 16 -10
15 22 -4
15 23 6
15 24 -9
15 25 14
15 27 2
15 28 -1
15 32 -2
15 35 5
15 39 -9
15 51 -15
15 53 -3
16 18 7
16 22 -12
16 29 -6
16 31 12
16 32 9
16 34 13
16 41 -3
16 43 -11
16 44 -15
16 45 -7
16 46 14
16 47 10
16 49 -11
16 57 4
16 64 -5
17 22 -8
17 24 -15
17 29 10
17 35 15
17 39 -6
17 44 11
17 46 -8
17 51 2
17 57 -10
17 62 7
17 64 -5
18 25 -7
18 27 12
18 31 -9
18 32 4
18 38 11
18 40 5
18 43 -11
18 44 8
18 45 1
18 50 1
18 54 -4
18 57 2
19 22 -6
19 25 6
19 28 13
19 37 9
19 38 12
19 40 12
19 41 -1
19 46 -2
19 51 -11
19 55 12
19 62 -15
20 23 -13
20 24 6
20 32 -7
20 33 3
20 35 -13
20 45 13
20 47 -13
20 52 13
20 54 -13
20 55 -15
20 58 5
21 23 7
21 24 -10
21 32 -2
21 37 -12
21 42 -7
21 48 -6
21 49 -12
21 50 3
21 51 -1
21 52 15
21 53 12
21 54 14
21 55 -1
21 57 -8
21 61 -15
21 63 1
22 23 -13
22 25 2
22 26 10
22 27 5
22 29 -6
22 30 8
22 31 7
22 37 15
22 38 -14
22 42 -3
22 48 -15
22 51 8
22 58 -7
22 59 1
23 26 -5
23 29 -6
23 32 -2
23 34 3
23 36 3
23 39 -11
23 41 -3
23 44 10
23 48 -6
23 58 13
24 25 14
24 26 -4
24 27 -8
24 28 14
24 29 11
24 32 -13
24 33 15
24 39 -8
24 40 6
24 42 15
24 47 13
24 52 -8
24 58 -11
25 26 -14
25 31 -8
25 32 8
25 35 15
25 37 1
25 44 -7
25 47 -6
25 54 -12
25 56 -5
25 57 12
25 59 12
25 63 4
25 64 9
26 27 -1
26 39 -13
26 41 -10
26 45 -14
26 46 -11
26 47 -14
26 49 -7
26 50 -9
26 55 -8
26 59 12
26 62 -2
27 28 15
27 30 9
27 35 2
27 37 -5
27 41 6
27 45 -14
27 46 -12
27 48 -1
27 49 6
27 50 15
27 51 3
27 55 -10
27 57 14
27 64 -13
28 30 14
28 32 -6
28 35 -1
28 38 1
28 47 -13
28 48 -14
28 59 -12
28 62 -2
29 36 14
29 38 7
29 39 -4
29 40 -6
29 42 -6
29 45 8
29 46 -7
29 49 1
29 50 -7
29 53 -9
29 57 -8
29 61 -5
30 35 -11
30 36 -8
30 42 -8
30 43 15
30 45 -1
30 52 10
30 60 -3
30 63 10
31 32 -7
31 34 -10
31 39 -9
31 42 -3
31 46 -9
31 52 -2
31 55 9
31 58 -13
31 60 -11
32 33 -6
32 37 6
32 50 2
32 51 -15
32 53 1
32 54 -9
32 57 9
32 59 -13
32 60 -14
32 61 2
32 62 -5
32 64 -1
33 35 8
33 36 12
33 39 -4
33 40 14
33 43 13
33 47 11
33 48 14
33 54 1
33 62 3
33 63 -3
34 36 -11
34 40 11
34 44 -7
34 49 5
34 50 4
34 53 6
34 54 -3
34 58 -8
34 59 1
34 61 -3
34 63 -15
35 36 -3
35 38 -13
35 42 13
35 43 10
35 46 -14
35 49 -3
35 56 15
35 57 -3
35 58 1
36 38 6
36 39 -11
36 40 2
36 49 2
36 51 15
36 52 -9
36 58 14
36 59 -4
36 62 1
37 39 -4
37 41 14
37 42 -5
37 48 11
37 49 11
37 53 13
37 58 -15
37 59 -6
37 60 -12
37 61 -6
37 63 3
38 39 -2
38 40 -5
38 43 14
38 46 13
38 51 5
38 53 12
38 54 13
38 56 8
38 60 4
38 61 14
38 63 2
39 49 -13
39 52 8
39 53 11
39 54 -13
39 60 -14
39 61 13
39 63 -8
39 64 9
40 42 -6
40 48 -6
40 49 13
40 50 -9
40 53 4
40 57 8
40 60 5
41 44 -15
41 46 -2
41 52 -7
41 54 8
41 57 -6
41 60 11
41 64 7
42 45 1
42 46 2
42 53 4
42 62 -2
43 58 8
43 59 -15
43 60 -13
43 62 12
43 64 8
44 47 -1
44 48 9
44 49 11
44 50 6
44 51 -14
44 53 1
44 60 6
44 62 -2
44 63 15
44 64 15
45 48 -10
45 54 15
45 55 12
45 58 -15
45 62 -15
46 54 9
47 52 12
47 53 5
47 54 5
47 56 3
47 58 13
47 59 -6
47 60 -4
48 63 9
49 50 -10
49 51 12
49 57 -7
49 59 3
49 60 -10
50 52 -4
50 54 15
50 55 2
50 56 2
50 58 -13
50 60 -7
50 62 10
50 64 5
51 59 14
52 54 15
53 62 7
54 55 -6
54 60 -6
54 61 12
54 63 9
55 56 -2
55 59 -7
56 57 -13
56 62 8
57 60 -15
57 61 3
57 63 -9
58 59 -10
58 62 6
58 63 -9
58 64 3
59 60 -11
59 61 -4
61 64 14
62 63 2
62 64 -15
63 64 -9
