64 604
1 2 -11
1 5 -14
1 7 13
1 8 -8
1 9 13
1 17 -1
1 20 -10
1 21 -4
1 22 -1
1 25 1
1 27 13
1 28 -6
1 30 14
1 33 14
1 34 1
1 35 2
1 39 -3
1 40 -10
1 42 9
1 43 -6
1 44 -3
1 53 -6
1 54 -3
1 57 7
1 60 5
1 61 15
2 4 -12
2 9 4
2 10 -3
2 13 -13
2 15 14
2 18 -11
2 19 -1
2 22 5
2 27 -3
2 29 -8
2 36 14
2 45 -8
2 48 -10
2 49 -12
2 50 -1
2 52 13
2 54 -10
2 56 1
2 62 14
2 64 2
3 10 7
3 15 13
3 16 11
3 18 4
3 19 4
3 20 6
3 21 5
3 23 1
3 24 -5
3 25 11
3 30 -6
3 31 -14
3 33 -9
3 35 3
3 36 -10
3 39 4
3 41 -13
3 46 -11
3 47 1
3 50 -2
3 53 10
3 61 -2
4 13 6
4 14 15
4 16 14
4 18 -14
4 23 10
4 25 -8
4 27 9
4 30 -1
4 37 7
4 41 -4
4 43 -4
4 51 7
4 52 -6
4 55 -7
4 56 12
4 58 11
4 62 -3
5 11 -7
5 17 8
5 21 -1
5 26 -7
5 27 -1
5 28 8
5 29 9
5 30 -2
5 36 -7
5 42 8
5 43 9
5 44 2
5 46 -4
5 47 8
5 48 -4
5 56 -13
5 62 -7
6 9 11
6 10 5
6 14 -6
6 19 -4
6 22 4
6 23 8
6 24 -3
6 31 -7
6 32 -10
6 33 -4
6 36 6
6 37 -11
6 38 -5
6 41 5
6 47 6
6 48 -10
6 50 11
6 59 -10
7 8 8
7 10 -12
7 19 -1
7 30 -15
7 31 -13
7 33 -5
7 40 -6
7 46 -8
7 47 -11
7 48 3
7 51 -15
7 52 3
7 54 1
7 55 -1
7 56 -12
8 16 8
8 19 -15
8 20 7
8 21 11
8 23 1
8 28 12
8 30 9
8 32 -7
8 35 -10
8 42 -7
8 43 -2
8 47 14
8 48 -2
8 49 -10
8 50 12
8 53 8
8 56 3
8 59 -2
9 11 -2
9 12 6
9 14 3
9 15 -3
9 17 -1
9 23 -5
9 24 4
9 27 15
9 30 4
9 33 5
9 36 9
9 37 -15
9 38 -15
9 39 -12
9 49 -5
9 51 -12
9 54 12
9 56 -10
9 58 -6
9 62 6
10 22 -5
10 24 8
10 26 -6
10 28 1
10 34 3
10 36 -10
10 43 -6
10 51 -6
10 59 6
10 62 14
11 12 -14
11 14 10
11 20 -8
11 22 15
11 24 2
11 28 -4
11 29 -1
11 31 5
11 39 -11
11 41 -2
11 42 -9
11 43 3
11 45 -3
11 50 11
11 54 7
11 59 -3
11 64 -7
12 20 -15
12 27 6
12 32 10
12 35 -10
12 39 4
12 44 -4
12 47 5
12 52 -5
12 56 1
12 59 -4
13 14 -8
13 18 15
13 21 2
13 28 -11
13 29 -14
13 36 -12
13 40 6
13 45 -11
13 46 -10
13 47 3
13 48 -5
13 50 4
13 55 -8
13 56 11
13 57 15
14 16 -1
14 22 1
14 24 9
14 27 -6
14 33 7
14 34 -1
14 36 11
14 41 1
14 44 1
14 48 8
14 49 14
14 52 -6
14 57 2
14 58 -12
14 64 -11
15 22 2
15 25 -11
15 29 -9
15 35 7
15 39 -2
15 41 5
15 42 -10
15 47 12
15 48 4
15 55 -3
15 61 -7
15 62 5
16 19 5
16 21 3
16 22 -6
16 24 1
16 25 -9
16 31 -11
16 32 1
16 35 6
16 39 3
16 40 4
16 42 -14
16 43 -13
16 44 13
16 55 14
16 60 -10
16 62 -13
16 64 -5
17 18 -13
17 26 1
17 27 1
17 30 -4
17 38 -1
17 41 9
17 48 -4
17 49 -2
17 57 7
17 60 -2
18 19 4
18 23 -1
18 24 7
18 25 -12
18 28 -9
18 37 -12
18 43 -14
18 44 6
18 45 5
18 49 4
18 54 3
18 63 -6
18 64 5
19 22 -10
19 25 2
19 26 3
19 29 -5
19 30 -11
19 32 -1
19 36 5
19 42 -2
19 44 -14
19 52 -15
19 57 -15
19 61 -4
19 64 15
20 26 7
20 27 13
20 29 9
20 30 8
20 32 9
20 34 11
20 45 -5
20 57 8
20 59 1
20 60 8
20 61 14
21 23 10
21 30 6
21 31 -14
21 39 6
21 45 3
21 49 14
21 51 1
21 54 12
21 61 -15
22 24 -12
22 28 15
22 34 9
22 36 -11
22 51 5
22 52 -14
22 54 10
22 59 -2
22 61 -3
23 25 7
23 26 2
23 30 14
23 35 -6
23 36 15
23 38 4
23 42 9
23 43 -6
23 44 6
23 45 6
23 48 3
23 53 8
23 54 5
23 58 11
23 62 7
24 26 -10
24 29 -14
24 40 12
24 42 9
24 45 14
24 46 -14
24 47 14
24 48 -1
24 51 -9
24 54 11
24 57 -15
24 58 13
24 60 13
24 61 6
24 62 -1
24 63 12
24 64 -3
25 28 -14
25 30 -5
25 33 -14
25 34 -1
25 35 -13
25 40 12
25 48 -6
25 54 14
25 56 -13
25 63 11
26 31 -14
26 33 11
26 35 -3
26 37 -14
26 39 14
26 44 -6
26 48 -12
26 56 8
26 61 6
27 28 -13
27 36 -13
27 39 -8
27 44 -12
27 47 -12
27 51 -2
27 53 14
27 57 12
27 59 -8
28 29 -9
28 33 3
28 34 4
28 39 11
28 42 9
28 44 4
28 47 12
28 56 10
28 58 -5
28 59 5
29 33 10
29 35 2
29 37 -5
29 38 -4
29 39 -1
29 42 -15
29 53 -7
29 54 -14
29 56 -9
29 59 -12
30 31 11
30 32 2
30 37 2
30 43 -4
30 52 2
30 53 8
30 61 2
31 33 -6
31 35 2
31 37 -5
31 41 -14
31 46 5
31 48 6
31 51 -14
31 53 -2
31 56 -12
31 58 4
31 59 -4
31 61 11
32 35 12
32 40 8
32 46 -7
32 47 -2
32 48 -2
32 51 2
32 56 3
32 59 -11
32 61 -11
33 37 6
33 38 14
33 42 -15
33 45 -13
33 46 -15
33 48 -15
33 50 5
33 53 8
33 58 4
33 59 -6
33 60 5
33 61 -1
33 64 12
34 36 -3
34 38 5
34 40 -5
34 43 -5
34 44 6
34 49 -7
34 51 3
34 55 7
34 57 -5
34 62 -6
35 36 12
35 37 12
35 41 -4
35 46 -14
35 47 -3
35 49 -4
35 50 13
35 52 -3
35 54 -14
35 56 13
35 59 -1
35 60 14
36 41 -8
36 45 -15
36 46 4
36 50 2
36 51 5
36 57 -1
36 60 3
36 61 15
36 63 13
37 40 -10
37 41 -10
37 42 5
37 52 -12
37 54 -2
37 64 4
38 43 -7
38 48 6
38 50 12
38 52 15
38 53 -5
38 54 1
38 57 -10
38 61 11
39 42 -5
39 45 14
39 46 4
39 51 -7
39 52 -4
39 54 -8
39 61 10
39 63 2
39 64 -8
40 44 4
40 50 6
40 54 8
40 56 -12
40 61 13
40 63 14
40 64 -13
41 47 9
41 48 9
41 52 -12
41 55 -12
41 59 -11
41 61 -11
41 63 -9
42 44 -5
42 46 -13
42 52 -13
42 55 10
42 56 15
42 57 -7
42 59 7
42 60 -5
42 63 3
43 49 2
43 50 12
43 55 5
43 58 7
43 63 6
44 49 -13
44 54 9
44 61 13
44 64 -3
45 46 -13
45 47 6
45 48 -3
45 49 9
45 53 13
45 56 -9
45 57 -9
45 60 14
46 49 10
46 50 15
46 57 -7
46 60 -6
46 61 -9
46 62 -14
46 64 6
47 48 8
47 50 -11
47 52 -8
47 53 5
47 57 5
47 64 -12
48 51 -14
48 54 -5
48 58 -2
48 60 -4
48 62 -6
48 63 13
49 50 -15
49 54 13
49 60 -12
49 61 4
49 63 -1
50 51 -2
50 56 14
50 58 -9
51 55 14
51 56 11
51 57 -3
51 59 5
51 61 3
52 54 12
52 55 -7
52 57 -15
52 58 1
52 61 -4
52 63 15
53 56 -11
53 57 -2
53 64 -4
55 57 7
55 58 10
55 62 2
56 60 -5
56 63 13
58 62 10
58 63 -2
58 64 15
59 61 2
59 64 -1
60 61 10
60 63 -1
61 62 -7
61 63 -14
