48 564
1 4 -12
1 5 15
1 6 -6
1 7 -2
1 9 6
1 11 13
1 15 6
1 17 1
1 18 -11
1 20 -3
1 21 13
1 25 7
1 26 1
1 27 -5
1 34 10
1 35 -2
1 36 -2
1 38 6
1 46 1
1 47 9
1 48 -1
2 3 -10
2 5 7
2 7 1
2 8 -7
2 9 -1
2 10 1
2 11 10
2 12 -9
2 13 -15
2 14 11
2 15 5
2 16 -10
2 18 -9
2 19 12
2 21 -11
2 22 11
2 24 7
2 28 9
2 29 6
2 31 -11
2 32 -13
2 33 5
2 34 13
2 36 10
2 37 2
2 38 10
2 43 -7
2 46 -13
3 7 6
3 10 14
3 11 -14
3 13 -2
3 17 -9
3 21 4
3 26 4
3 31 5
3 33 3
3 34 -6
3 37 7
3 41 -14
3 42 -4
3 44 11
3 47 13
4 5 6
4 8 12
4 10 -13
4 11 3
4 14 11
4 15 -11
4 16 -1
4 19 13
4 20 -6
4 23 -1
4 25 3
4 26 -10
4 27 -11
4 31 12
4 32 -3
4 33 4
4 35 4
4 37 -11
4 38 11
4 42 14
4 43 -7
4 44 -9
4 46 8
4 47 9
5 8 -2
5 10 -9
5 11 14
5 12 13
5 14 -11
5 15 3
5 17 4
5 18 8
5 19 15
5 20 -7
5 24 -5
5 25 3
5 26 -5
5 29 -9
5 31 13
5 35 1
5 36 12
5 39 12
5 40 13
5 42 -2
5 44 -3
5 45 6
5 46 9
5 47 4
5 48 -10
6 7 11
6 9 -2
6 13 -9
6 22 -8
6 24 9
6 25 -7
6 29 6
6 30 -10
6 31 -2
6 32 13
6 33 13
6 36 13
6 39 3
6 40 8
6 43 4
6 44 -10
6 45 6
6 47 -2
7 8 5
7 9 2
7 10 -1
7 12 -15
7 13 11
7 16 -13
7 18 -8
7 19 -1
7 20 12
7 22 7
7 24 2
7 29 -9
7 30 -1
7 31 4
7 32 -14
7 33 -8
7 34 -6
7 35 -12
7 36 -12
7 37 -12
7 40 -8
7 41 -11
7 42 3
7 43 -5
7 47 13
7 48 -11
8 10 8
8 11 1
8 13 7
8 18 10
8 19 2
8 24 -3
8 26 13
8 27 9
8 28 13
8 29 15
8 35 -9
8 36 10
8 37 -14
8 40 -11
8 42 13
8 44 10
8 45 10
8 46 -9
8 48 -6
9 10 -11
9 12 1
9 15 5
9 17 -11
9 19 -1
9 21 -5
9 24 -10
9 28 -6
9 29 -1
9 32 -3
9 34 -8
9 35 -7
9 36 -11
9 39 -1
9 40 14
9 41 -3
9 43 -14
9 46 8
10 11 9
10 15 -13
10 16 12
10 17 -11
10 18 -12
10 20 4
10 21 -12
10 22 -6
10 24 4
10 25 -6
10 31 10
10 33 -11
10 34 -13
10 37 -7
10 40 8
10 41 -12
10 43 -10
10 44 13
10 47 5
10 48 10
11 12 6
11 19 -14
11 22 9
11 24 -8
11 26 11
11 28 14
11 32 2
11 35 -4
11 37 2
11 38 -1
11 40 -5
11 41 3
11 43 10
11 45 3
11 46 2
12 15 6
12 16 3
12 20 2
12 21 1
12 22 4
12 23 2
12 24 -1
12 25 -7
12 26 3
12 30 -2
12 31 -11
12 32 4
12 34 8
12 35 15
12 36 12
12 37 -6
12 38 1
12 39 -2
12 40 10
12 48 -1
13 16 -7
13 17 -3
13 20 3
13 21 -9
13 22 7
13 23 4
13 26 -10
13 27 3
13 28 15
13 29 -5
13 33 10
13 34 -12
13 35 -8
13 37 -7
13 41 -7
13 42 10
13 43 -7
13 44 -1
13 46 -2
14 15 -5
14 17 2
14 20 -2
14 21 1
14 23 -6
14 25 -7
14 27 8
14 29 15
14 30 11
14 31 1
14 32 -12
14 33 10
14 35 -13
14 37 -5
14 41 1
14 42 4
14 45 15
14 46 9
14 47 -9
14 48 7
15 16 4
15 18 14
15 19 -11
15 20 7
15 21 10
15 22 -14
15 23 -3
15 25 2
15 29 -14
15 30 14
15 31 -5
15 34 -11
15 35 6
15 36 -7
15 38 -4
15 39 -4
15 40 -3
15 42 12
15 43 2
15 44 3
15 45 12
15 48 12
16 17 -2
16 20 -13
16 21 -12
16 23 -5
16 25 -10
16 26 5
16 28 12
16 29 14
16 31 11
16 34 13
16 36 15
16 41 11
16 43 15
16 44 -7
16 45 -4
16 46 12
16 47 4
17 21 -6
17 22 14
17 24 4
17 26 1
17 27 -9
17 28 14
17 31 -12
17 33 8
17 37 -7
17 43 6
17 44 -15
18 20 -7
18 23 -11
18 24 15
18 30 5
18 33 -15
18 35 2
18 36 -10
18 38 10
18 40 3
18 41 -10
18 46 5
18 47 -2
19 20 8
19 24 -6
19 25 -4
19 26 -12
19 27 -9
19 28 4
19 29 -9
19 30 9
19 31 -6
19 32 -3
19 33 -5
19 36 -7
19 37 12
19 38 6
19 42 8
19 43 -10
19 44 -5
19 45 8
19 46 15
20 21 -2
20 27 10
20 28 -7
20 29 9
20 33 4
20 34 -12
20 35 8
20 36 7
20 38 10
20 40 13
20 41 10
20 44 -11
20 45 -11
20 47 -14
21 23 -1
21 24 -14
21 27 14
21 28 9
21 29 -12
21 32 -1
21 33 -3
21 38 3
21 39 -4
21 40 1
21 41 13
21 42 -2
21 46 -15
21 48 5
22 24 -2
22 25 -10
22 26 -15
22 29 6
22 30 -2
22 32 13
22 33 -12
22 37 -3
22 40 -15
22 42 15
22 43 11
22 46 -8
23 24 11
23 25 11
23 26 3
23 28 9
23 29 -15
23 32 -15
23 33 6
23 36 2
23 39 -3
23 40 -12
23 41 14
23 44 13
23 48 4
24 25 -7
24 26 -6
24 27 -1
24 30 -1
24 32 9
24 33 -3
24 36 -12
24 38 -8
24 39 1
24 41 -13
24 42 6
24 43 -11
24 44 6
24 46 -15
24 47 9
25 26 -6
25 27 -8
25 34 3
25 36 3
25 40 -2
25 41 -14
25 47 -9
25 48 3
26 28 -9
26 30 -2
26 35 -6
26 37 -1
26 38 -10
26 40 4
26 43 -13
26 46 -2
26 47 4
26 48 14
27 28 -14
27 29 7
27 30 3
27 31 -13
27 33 9
27 34 -11
27 36 11
27 37 -7
27 38 15
27 39 12
27 44 -12
27 45 1
27 47 -10
27 48 15
28 30 -2
28 31 -14
28 33 9
28 34 14
28 35 6
28 36 -12
28 39 15
28 44 -11
28 48 7
29 32 -2
29 33 -15
29 35 7
29 36 -13
29 37 -5
29 38 -6
29 39 12
29 41 11
29 42 -1
29 43 -1
29 45 -12
29 46 9
29 47 -3
29 48 1
30 32 -12
30 38 -12
30 39 -5
30 43 -7
30 44 1
30 47 14
31 33 12
31 35 9
31 38 5
31 39 -12
31 40 12
31 42 7
31 46 11
31 48 13
32 38 -6
32 40 4
32 41 5
32 45 -9
32 46 14
32 47 4
32 48 11
33 37 -2
33 40 12
33 43 10
33 47 12
33 48 -3
34 36 10
34 38 6
34 40 3
34 43 12
34 45 10
35 36 -14
35 37 -9
35 38 -9
35 40 6
35 42 11
35 44 4
35 45 -11
35 46 -4
35 47 1
36 37 1
36 40 8
36 43 7
36 44 3
36 45 12
36 48 -10
37 38 4
37 41 -2
37 42 9
37 45 7
37 46 10
37 47 -2
37 48 9
38 39 -12
38 43 -6
38 44 -14
38 46 7
38 48 -10
39 43 -7
39 44 5
40 44 -8
40 46 13
40 47 4
41 43 -3
42 44 -2
42 45 -3
42 47 10
43 45 -13
43 46 12
43 47 -12
44 46 -11
45 47 -10
