32 446
1 2 13
1 3 -3
1 4 14
1 5 -3
1 7 12
1 8 -15
1 9 12
1 10 10
1 11 -10
1 12 -2
1 13 -1
1 14 9
1 15 1
1 16 5
1 17 -15
1 18 -9
1 19 -1
1 20 -7
1 21 13
1 22 -1
1 23 -4
1 25 14
1 26 -13
1 28 6
1 29 1
1 30 14
1 31 -2
1 32 4
2 4 -9
2 5 10
2 7 2
2 8 1
2 10 -11
2 11 6
2 12 -1
2 13 1
2 14 -10
2 15 12
2 16 -5
2 17 -15
2 19 13
2 20 -10
2 21 -1
2 22 13
2 23 -13
2 24 5
2 25 -9
2 26 2
2 27 -14
2 28 -7
2 29 -7
2 30 3
2 31 13
3 4 12
3 5 5
3 8 8
3 9 10
3 10 11
3 11 -12
3 13 -9
3 14 7
3 15 12
3 16 10
3 17 9
3 19 -8
3 20 -5
3 21 -2
3 23 -7
3 24 6
3 25 6
3 26 -13
3 27 -8
3 28 6
3 29 -2
3 30 -1
3 31 -4
3 32 -8
4 5 2
4 7 3
4 8 1
4 9 15
4 10 4
4 11 -5
4 12 -15
4 13 12
4 14 -14
4 15 15
4 16 11
4 17 -10
4 18 -10
4 19 8
4 20 9
4 21 12
4 22 -10
4 23 12
4 24 -7
4 25 -10
4 26 -10
4 27 14
4 28 10
4 29 -10
4 30 -8
4 31 -2
4 32 3
5 6 -9
5 7 15
5 8 6
5 9 2
5 10 -12
5 11 -9
5 12 -10
5 13 -1
5 14 4
5 16 13
5 17 -5
5 19 11
5 20 11
5 21 -2
5 22 -6
5 23 -3
5 24 13
5 25 1
5 26 -7
5 27 -9
5 28 -3
5 29 5
5 30 13
5 31 -13
5 32 2
6 7 -12
6 8 7
6 9 -5
6 10 -10
6 11 -5
6 12 -15
6 13 -1
6 14 -15
6 15 7
6 17 12
6 18 -4
6 19 -10
6 20 11
6 21 11
6 22 14
6 23 4
6 24 3
6 25 15
6 26 1
6 27 7
6 28 -9
6 29 4
6 30 -5
6 31 14
6 32 -11
7 8 -13
7 9 3
7 10 4
7 11 4
7 12 -3
7 14 7
7 15 2
7 16 -9
7 17 -1
7 18 2
7 19 13
7 20 -8
7 21 12
7 22 -5
7 23 -13
7 25 15
7 26 -6
7 27 -14
7 28 -10
7 29 -11
7 30 1
7 31 1
7 32 6
8 9 -2
8 10 -13
8 12 -4
8 13 -4
8 14 1
8 15 -5
8 16 13
8 17 -2
8 18 8
8 19 -4
8 20 -3
8 21 5
8 22 12
8 23 8
8 24 15
8 25 1
8 26 -6
8 28 -15
8 29 -5
8 30 13
8 31 -2
8 32 10
9 10 8
9 11 2
9 12 -5
9 13 -14
9 14 9
9 15 -5
9 17 8
9 18 -10
9 19 12
9 20 2
9 21 12
9 22 -9
9 23 6
9 24 -3
9 25 10
9 27 -13
9 28 8
9 29 -10
9 30 -9
9 31 -14
9 32 6
10 11 6
10 12 -13
10 13 2
10 15 -2
10 16 6
10 17 1
10 18 -13
10 19 -11
10 20 -11
10 21 -3
10 22 13
10 23 1
10 24 -13
10 26 -2
10 27 -13
10 28 -12
10 29 6
10 30 -8
10 31 1
10 32 8
11 12 -11
11 14 -1
11 15 -11
11 16 -10
11 17 -8
11 18 5
11 19 -1
11 20 -3
11 22 -2
11 23 -13
11 25 11
11 26 5
11 27 8
11 29 -2
11 30 -7
11 32 -10
12 13 -5
12 14 -11
12 15 -9
12 16 10
12 17 8
12 18 -6
12 19 -5
12 20 8
12 21 15
12 22 2
12 23 -15
12 25 5
12 26 15
12 27 -13
12 28 2
12 29 -11
12 30 15
12 31 -13
12 32 -6
13 14 -1
13 15 -14
13 16 4
13 17 4
13 18 -14
13 19 3
13 20 3
13 21 12
13 22 7
13 23 -15
13 24 14
13 25 -14
13 26 -10
13 27 1
13 28 10
13 30 3
13 31 -15
13 32 -1
14 15 12
14 16 -8
14 17 -15
14 18 11
14 19 4
14 20 -6
14 21 14
14 22 1
14 23 10
14 24 6
14 25 -2
14 26 -6
14 27 3
14 28 -4
14 29 8
14 30 -9
14 31 -7
14 32 5
15 16 -13
15 17 8
15 19 -4
15 20 -3
15 21 -9
15 23 -8
15 24 -4
15 25 7
15 26 -8
15 27 -3
15 28 -7
15 29 -7
15 30 14
15 31 10
15 32 4
16 17 9
16 18 -9
16 21 10
16 22 15
16 24 -1
16 25 -2
16 26 3
16 27 15
16 28 14
16 29 -10
16 30 12
16 31 2
16 32 -10
17 18 14
17 19 -9
17 20 -3
17 22 -5
17 23 -9
17 24 4
17 25 14
17 26 7
17 27 -5
17 28 15
17 29 -3
17 30 13
17 31 -13
18 20 9
18 21 8
18 22 1
18 24 13
18 25 -6
18 26 -6
18 28 -9
18 29 -1
18 30 4
18 31 10
18 32 -4
19 20 5
19 21 8
19 22 -4
19 23 -14
19 24 -3
19 25 -2
19 26 2
19 27 -1
19 28 -2
19 29 -9
19 31 4
19 32 10
20 21 6
20 23 4
20 25 15
20 26 9
20 27 -13
20 28 -11
20 29 -8
20 30 6
20 31 11
20 32 4
21 22 -15
21 23 6
21 24 5
21 25 -7
21 27 3
21 28 1
21 29 -6
21 30 -15
21 32 -10
22 23 -10
22 24 15
22 25 1
22 26 -6
22 27 1
22 28 -15
22 29 5
22 30 -10
22 31 -2
22 32 -2
23 24 -14
23 25 7
23 26 -6
23 27 5
23 28 7
23 29 15
23 30 4
23 31 -4
23 32 -10
24 25 15
24 26 15
24 27 1
24 28 -1
24 29 -3
24 30 6
24 31 -7
24 32 -10
25 27 9
25 28 -1
25 29 -10
25 30 14
25 31 14
25 32 -1
26 27 -5
26 28 3
26 29 10
26 30 12
26 31 -6
26 32 9
27 28 10
27 29 12
27 30 -6
27 31 -3
27 32 -7
28 30 -15
28 31 1
29 30 6
29 31 -8
29 32 13
30 31 15
30 32 -9
31 32 6
