48 789
1 2 15
1 3 1
1 4 10
1 6 1
1 7 4
1 8 -12
1 9 12
1 10 -9
1 11 -4
1 12 -12
1 14 -1
1 15 -3
1 16 -4
1 17 1
1 19 -7
1 20 -14
1 22 -1
1 23 4
1 24 -9
1 26 -15
1 27 1
1 28 13
1 29 -11
1 30 -15
1 31 12
1 34 12
1 35 12
1 36 8
1 37 -12
1 38 7
1 39 -6
1 44 -8
1 46 -3
1 47 -3
1 48 -12
2 3 -7
2 4 -12
2 6 -4
2 7 -3
2 8 -6
2 10 -5
2 11 1
2 12 -9
2 14 13
2 15 12
2 16 1
2 18 -1
2 19 -10
2 20 -3
2 21 10
2 23 -6
2 24 -2
2 25 6
2 26 -8
2 29 12
2 30 -1
2 32 12
2 33 4
2 34 2
2 35 -11
2 36 -5
2 37 12
2 39 -6
2 40 10
2 41 -4
2 42 -12
2 43 14
2 44 3
2 46 -6
2 47 -7
3 4 14
3 5 -11
3 6 5
3 7 -15
3 8 11
3 11 6
3 12 -13
3 13 -9
3 14 7
3 15 -2
3 17 5
3 18 11
3 19 1
3 20 7
3 22 -3
3 23 -12
3 25 -3
3 27 5
3 28 11
3 31 -12
3 33 14
3 34 9
3 35 -8
3 36 -12
3 37 -8
3 38 2
3 39 -7
3 43 7
3 46 13
3 47 -3
3 48 -13
4 5 2
4 6 2
4 8 9
4 9 11
4 10 -7
4 13 -4
4 14 -9
4 15 6
4 16 -11
4 17 14
4 18 13
4 20 15
4 21 3
4 22 2
4 23 6
4 24 -5
4 26 -5
4 27 -8
4 28 4
4 30 -10
4 31 -3
4 32 15
4 33 -3
4 37 -13
4 38 -6
4 39 4
4 40 -12
4 41 13
4 42 15
4 44 -10
4 45 -11
4 46 -5
4 47 5
4 48 -8
5 6 -4
5 7 9
5 8 -6
5 9 -11
5 10 -6
5 11 -2
5 12 -9
5 13 15
5 14 -14
5 15 -4
5 16 -8
5 17 10
5 18 2
5 20 -12
5 21 -9
5 23 -6
5 24 -5
5 25 -9
5 26 -7
5 27 -11
5 30 4
5 31 10
5 33 3
5 34 -4
5 35 14
5 36 -10
5 37 -13
5 38 5
5 40 -11
5 42 11
5 43 -1
5 44 9
5 47 -14
5 48 -8
6 7 13
6 8 10
6 11 -12
6 12 10
6 13 7
6 14 14
6 15 -12
6 16 -11
6 17 10
6 18 -2
6 19 14
6 20 -13
6 21 8
6 22 -1
6 24 5
6 26 -6
6 27 -12
6 28 1
6 29 -10
6 30 13
6 31 -11
6 32 -3
6 33 1
6 35 -14
6 36 -7
6 37 -15
6 39 -14
6 40 7
6 42 3
6 43 -10
6 44 -12
6 46 5
6 47 7
7 8 -5
7 10 -5
7 11 -12
7 12 -12
7 13 11
7 14 6
7 15 7
7 16 8
7 17 2
7 19 -8
7 20 -3
7 21 -10
7 22 15
7 23 -13
7 26 14
7 27 -15
7 28 15
7 29 12
7 30 5
7 31 -1
7 34 -9
7 35 -8
7 36 5
7 38 -5
7 39 -4
7 40 5
7 42 8
7 43 4
7 45 15
7 46 -13
7 47 5
8 9 9
8 11 -13
8 12 -13
8 13 -12
8 14 14
8 15 2
8 16 7
8 17 5
8 18 -3
8 19 13
8 20 13
8 21 -15
8 23 11
8 25 -5
8 26 10
8 27 -3
8 28 -15
8 31 13
8 32 -2
8 35 5
8 36 5
8 37 -6
8 38 -9
8 39 -9
8 43 4
8 44 -5
8 45 -14
8 46 3
8 48 -8
9 10 -4
9 11 4
9 13 -10
9 14 -14
9 16 3
9 19 -11
9 20 -10
9 22 11
9 23 -11
9 24 -2
9 25 2
9 28 -15
9 29 -15
9 30 14
9 31 5
9 33 -15
9 37 -12
9 40 9
9 42 8
9 44 -7
9 46 -8
9 47 -12
9 48 15
10 11 -13
10 13 -4
10 14 3
10 17 -4
10 18 11
10 19 5
10 20 6
10 22 6
10 25 15
10 26 -6
10 30 5
10 33 -6
10 34 -4
10 35 13
10 36 15
10 37 -1
10 39 -3
10 41 -3
10 42 -15
10 43 2
10 44 -6
10 48 4
11 13 -12
11 14 3
11 15 12
11 16 -4
11 17 9
11 18 -7
11 20 2
11 22 -6
11 23 -4
11 24 5
11 25 -13
11 26 -3
11 27 -4
11 28 -13
11 29 7
11 31 -1
11 32 2
11 34 7
11 35 -11
11 36 2
11 37 -7
11 39 8
11 41 9
11 42 15
11 44 4
11 45 4
11 46 9
11 48 5
12 13 -2
12 14 -1
12 19 12
12 20 14
12 21 14
12 22 -8
12 25 -4
12 27 6
12 29 9
12 33 -10
12 34 -7
12 35 -12
12 36 -15
12 37 -2
12 40 4
12 41 -5
12 42 -1
12 45 -8
12 47 13
12 48 -4
13 14 3
13 15 -8
13 16 -2
13 17 7
13 18 13
13 21 5
13 22 -8
13 24 10
13 26 7
13 27 14
13 28 12
13 30 -7
13 31 4
13 32 13
13 33 6
13 36 15
13 37 -7
13 38 8
13 39 -11
13 40 2
13 42 -9
13 43 -5
13 44 9
13 46 5
13 47 11
14 16 -6
14 17 3
14 19 6
14 23 5
14 24 -2
14 30 -3
14 31 -15
14 33 4
14 34 5
14 35 -2
14 36 -2
14 37 5
14 39 -9
14 40 5
14 41 8
14 43 11
14 44 -12
14 45 15
14 46 -2
14 48 -8
15 16 12
15 17 -15
15 18 10
15 19 -12
15 20 -3
15 21 10
15 23 8
15 27 11
15 28 11
15 31 -4
15 32 -1
15 34 -1
15 35 3
15 37 -15
15 38 -4
15 40 13
15 42 -13
15 44 -15
15 45 -14
15 46 -11
15 47 2
15 48 13
16 17 -6
16 19 -5
16 22 -9
16 24 10
16 25 -3
16 26 -5
16 28 14
16 31 -7
16 32 14
16 33 -7
16 34 15
16 35 2
16 36 -14
16 39 -1
16 40 11
16 42 5
16 43 -10
16 44 9
16 45 14
16 48 -9
17 18 6
17 21 -14
17 22 -13
17 23 -7
17 25 6
17 26 14
17 27 -9
17 29 -10
17 37 1
17 38 -5
17 40 14
17 41 -14
17 42 -9
17 43 5
17 44 14
17 47 12
17 48 10
18 19 -11
18 20 6
18 21 -9
18 22 5
18 23 -3
18 24 -15
18 25 14
18 26 -1
18 27 12
18 28 -6
18 30 -10
18 31 13
18 33 9
18 34 -11
18 35 -12
18 37 -3
18 38 4
18 39 -8
18 40 14
18 41 11
18 42 10
18 43 10
18 44 -15
18 45 -8
18 46 -8
18 48 -15
19 20 -9
19 23 -15
19 24 9
19 25 5
19 26 -3
19 27 -5
19 28 13
19 29 2
19 31 -8
19 33 1
19 34 12
19 35 -8
19 36 7
19 37 4
19 38 -1
19 39 12
19 40 -3
19 41 15
19 42 -2
19 43 -13
19 45 2
19 46 -12
19 47 -13
19 48 6
20 21 -2
20 23 2
20 24 8
20 26 -14
20 27 -3
20 28 6
20 29 -12
20 31 7
20 32 5
20 33 13
20 34 -11
20 37 9
20 38 -4
20 39 2
20 40 15
20 41 -10
20 43 13
20 45 -3
20 47 8
20 48 -4
21 22 -12
21 23 -4
21 24 -7
21 25 1
21 26 -10
21 27 -7
21 28 13
21 30 -3
21 31 9
21 32 -11
21 33 -10
21 35 -4
21 36 -14
21 39 -13
21 40 -11
21 41 2
21 43 -5
21 44 11
21 47 -12
22 23 5
22 24 10
22 25 2
22 26 6
22 28 -7
22 30 -15
22 31 14
22 33 -4
22 34 8
22 35 -2
22 36 -15
22 37 -7
22 38 15
22 39 -7
22 41 -5
22 42 -13
22 43 -13
22 45 7
22 46 -2
22 48 14
23 24 -4
23 25 14
23 27 -2
23 28 8
23 29 -4
23 30 -6
23 31 -13
23 36 9
23 37 8
23 38 -3
23 40 -10
23 41 -3
23 42 -7
23 45 -12
23 47 14
23 48 -1
24 25 -14
24 31 15
24 32 -14
24 34 -4
24 36 -7
24 38 7
24 40 -7
24 41 -2
24 42 5
24 45 -5
25 26 11
25 27 -2
25 28 -8
25 29 14
25 30 12
25 32 6
25 33 11
25 34 12
25 35 -7
25 36 -2
25 37 12
25 38 5
25 39 14
25 40 3
25 42 7
25 44 13
25 45 8
25 46 -1
25 48 -10
26 27 7
26 28 13
26 29 -1
26 30 -13
26 31 5
26 32 14
26 33 8
26 34 -4
26 35 10
26 36 6
26 37 -12
26 38 -14
26 39 7
26 40 10
26 41 -3
26 42 -14
26 43 4
26 45 -10
26 47 -1
26 48 -13
27 28 -1
27 31 6
27 32 9
27 33 -10
27 34 -3
27 35 10
27 36 6
27 37 -11
27 38 -15
27 39 -13
27 40 6
27 41 8
27 45 -9
27 46 -10
27 47 -14
28 29 13
28 31 11
28 32 -6
28 34 1
28 36 10
28 37 -13
28 39 -15
28 40 7
28 41 5
28 42 4
28 43 -10
28 44 11
28 45 3
28 46 -12
28 47 -10
29 30 -11
29 31 14
29 32 -7
29 33 2
29 34 4
29 35 11
29 36 -9
29 37 -9
29 39 -14
29 40 8
29 41 2
29 42 3
29 43 8
29 44 12
29 45 -3
30 34 10
30 36 4
30 38 12
30 40 -5
30 41 3
30 44 7
30 46 7
30 48 9
31 33 8
31 34 -8
31 37 -4
31 38 5
31 39 -8
31 40 11
31 43 5
31 44 11
31 45 11
31 46 -15
31 47 -11
31 48 -14
32 33 -12
32 35 13
32 36 3
32 37 11
32 39 -4
32 40 9
32 41 7
32 44 5
32 45 -6
32 46 5
32 48 -3
33 34 12
33 37 7
33 38 -7
33 40 -8
33 41 15
33 43 -12
33 44 13
33 45 -11
33 46 11
33 47 -12
34 35 -6
34 36 -2
34 37 -5
34 38 3
34 39 11
34 42 -9
34 43 -13
34 45 8
34 46 -12
34 47 11
34 48 8
35 36 -9
35 37 -8
35 38 5
35 39 1
35 40 -13
35 41 6
35 43 8
35 44 -14
35 46 13
35 47 14
36 39 -6
36 40 -2
36 41 -1
36 44 7
36 45 14
36 46 -4
36 47 11
36 48 -1
37 38 -5
37 39 -14
37 41 9
37 42 7
37 44 -15
37 45 5
37 48 -4
38 39 -8
38 45 3
38 46 5
38 47 3
38 48 -5
39 40 -3
39 41 7
39 44 2
39 45 -4
39 46 5
39 47 5
40 42 9
40 43 -6
40 47 4
40 48 5
41 43 1
41 46 9
41 48 7
42 43 -5
42 44 -14
42 45 7
42 47 4
42 48 10
43 45 -2
43 46 6
43 47 -10
43 48 15
44 46 -3
44 47 5
44 48 -10
45 48 2
46 47 -1
46 48 -1
47 48 -2
