48 564
1 2 9
1 5 2
1 6 13
1 8 14
1 9 -13
1 10 -6
1 11 -13
1 13 7
1 16 -1
1 19 -12
1 23 12
1 25 -4
1 26 -12
1 35 5
1 36 -2
1 38 -3
1 40 4
1 41 -7
1 42 -6
1 43 -10
1 44 7
1 46 9
1 48 -2
2 3 12
2 5 -3
2 6 -15
2 7 10
2 9 13
2 13 7
2 15 10
2 16 -12
2 18 -8
2 19 -2
2 20 -6
2 22 -12
2 23 -1
2 25 11
2 28 3
2 29 -10
2 33 11
2 36 12
2 38 1
2 39 -7
2 40 7
2 41 3
2 44 -11
2 47 -7
2 48 -1
3 4 -10
3 6 -6
3 8 -10
3 9 9
3 11 -10
3 13 2
3 14 9
3 22 8
3 23 5
3 24 -11
3 26 -11
3 27 12
3 29 -13
3 33 13
3 34 -6
3 36 -13
3 37 -15
3 38 13
3 41 1
3 42 -8
3 43 -7
3 45 -5
3 46 -11
3 47 -5
4 6 2
4 9 -11
4 10 -15
4 11 -5
4 13 -4
4 15 13
4 16 -2
4 18 4
4 26 3
4 28 -12
4 31 -13
4 33 12
4 34 -8
4 37 13
4 38 10
4 39 -1
4 42 -10
4 43 13
4 47 -7
4 48 5
5 7 -1
5 9 -8
5 12 -12
5 13 -14
5 14 6
5 15 2
5 17 1
5 20 -13
5 27 13
5 33 -7
5 35 -15
5 37 -5
5 40 2
5 42 -14
5 43 -4
5 44 -3
5 45 -4
5 47 -9
5 48 -14
6 7 4
6 9 -15
6 12 -1
6 13 -7
6 14 -15
6 15 -13
6 16 -15
6 20 8
6 24 8
6 27 6
6 32 2
6 33 13
6 34 8
6 38 6
6 40 -2
6 42 -7
6 43 8
6 45 -1
6 47 -6
6 48 6
7 8 9
7 9 -13
7 10 9
7 17 7
7 19 3
7 20 -4
7 22 5
7 24 2
7 25 3
7 29 14
7 30 12
7 34 9
7 38 -11
7 39 10
7 40 15
7 41 -15
7 42 15
7 43 -1
7 44 -5
8 10 10
8 11 -15
8 13 13
8 15 13
8 20 4
8 21 5
8 22 -2
8 24 11
8 28 -10
8 30 14
8 31 -8
8 32 -10
8 35 12
8 38 3
8 39 -10
8 41 -4
8 42 -8
8 43 -13
8 44 7
8 45 -15
8 47 -11
8 48 9
9 10 2
9 13 -5
9 14 -13
9 15 8
9 16 14
9 17 10
9 18 -14
9 19 9
9 20 11
9 22 1
9 25 -8
9 26 -4
9 27 -10
9 30 9
9 32 4
9 34 -7
9 38 -10
9 39 10
9 40 -15
9 41 -1
9 43 12
9 44 -13
9 45 15
9 47 11
10 12 -11
10 13 1
10 16 -10
10 17 -11
10 19 -3
10 22 10
10 23 14
10 24 5
10 26 3
10 27 -10
10 28 8
10 30 7
10 32 10
10 33 -5
10 40 -9
10 43 2
10 44 1
10 45 4
10 46 -12
10 47 -6
11 13 12
11 14 4
11 16 -7
11 18 -15
11 19 4
11 20 -4
11 21 10
11 23 1
11 26 -3
11 27 -1
11 28 8
11 32 11
11 34 6
11 36 -11
11 37 -7
11 41 10
11 42 13
11 48 -5
12 14 -6
12 15 -15
12 20 -2
12 21 -6
12 22 -15
12 24 7
12 27 -8
12 31 -2
12 33 1
12 34 5
12 35 -8
12 38 -4
12 39 3
12 40 10
12 43 13
12 44 -2
12 46 3
12 47 -1
13 14 13
13 17 -7
13 18 -2
13 19 5
13 20 -2
13 22 -14
13 24 9
13 25 -15
13 26 8
13 28 12
13 30 8
13 31 -2
13 32 -8
13 37 -9
13 39 3
13 40 -7
13 46 -14
14 15 -5
14 17 -13
14 18 -10
14 19 6
14 20 -13
14 21 10
14 23 13
14 27 -1
14 30 11
14 31 12
14 32 -6
14 33 -7
14 34 15
14 38 6
14 39 -2
14 41 6
14 43 -8
14 45 12
14 46 -10
14 48 -10
15 16 5
15 17 8
15 19 15
15 22 5
15 23 7
15 25 -1
15 26 2
15 29 14
15 30 1
15 32 -2
15 33 12
15 34 -1
15 35 -11
15 36 -10
15 37 7
15 39 -3
15 42 7
15 43 -8
15 44 10
15 45 5
15 46 -12
15 48 2
16 17 9
16 19 -11
16 21 -3
16 22 14
16 25 -4
16 27 -7
16 28 -14
16 29 6
16 30 -14
16 31 3
16 36 14
16 37 -9
16 38 -8
16 39 -11
16 41 -1
16 42 2
16 45 -10
16 46 3
17 18 13
17 21 9
17 25 10
17 30 -11
17 34 10
17 37 12
17 38 -8
17 39 -1
17 40 -9
17 42 -12
17 43 -14
17 44 -11
18 20 -8
18 21 1
18 22 6
18 24 -2
18 27 -13
18 29 -9
18 30 -15
18 31 -5
18 33 1
18 34 15
18 37 -4
18 38 -8
18 39 2
18 40 -15
18 45 -3
18 46 3
18 48 -2
19 20 13
19 21 3
19 22 14
19 24 11
19 25 8
19 28 -1
19 31 -10
19 33 1
19 35 8
19 37 10
19 41 -11
19 43 -10
19 46 15
19 47 -3
20 26 7
20 27 10
20 28 12
20 30 -7
20 32 10
20 35 10
20 42 4
20 44 -7
20 45 14
20 48 11
21 22 -7
21 23 -7
21 28 9
21 31 -2
21 32 8
21 33 -2
21 34 -5
21 39 -6
21 41 -9
21 43 -2
21 46 -12
21 47 1
21 48 4
22 25 7
22 26 -3
22 27 -15
22 32 3
22 34 -1
22 35 -12
22 38 7
22 39 9
22 44 -15
22 46 14
23 24 -3
23 26 -7
23 27 -2
23 29 -7
23 30 3
23 31 5
23 32 -14
23 33 -12
23 34 -7
23 35 -6
23 41 -4
23 44 2
23 47 5
24 26 -12
24 29 -3
24 31 9
24 34 -4
24 36 -4
24 40 12
24 41 -4
24 43 -8
24 45 4
24 47 -10
24 48 9
25 27 7
25 29 7
25 30 13
25 31 -1
25 33 -14
25 34 10
25 35 14
25 36 9
25 39 10
25 41 -4
25 42 -5
25 45 -1
25 46 1
25 48 13
26 30 -9
26 31 -14
26 33 3
26 34 -8
26 39 9
26 40 15
26 41 -13
26 48 9
27 30 -10
27 33 7
27 35 -10
27 40 4
27 42 15
27 43 -3
27 44 4
27 46 15
28 29 4
28 30 -15
28 32 -8
28 33 2
28 35 1
28 37 -5
28 38 8
28 39 10
28 40 9
28 41 -7
28 42 3
28 43 7
28 44 3
28 46 3
29 31 14
29 32 -7
29 33 -11
29 36 4
29 37 -14
29 38 -12
29 40 -4
29 46 8
29 48 13
30 31 -3
30 36 5
30 37 -13
30 39 -8
30 40 -1
30 46 -4
31 32 10
31 34 -5
31 35 -3
31 37 10
31 38 -4
31 43 13
31 44 7
31 46 10
31 47 -4
31 48 7
32 34 -14
32 35 -4
32 37 5
32 39 -8
32 44 14
32 45 14
32 46 12
32 47 14
32 48 5
33 34 11
33 35 -1
33 36 -8
33 37 -2
33 40 3
33 41 -9
33 43 -9
33 44 9
33 45 -14
33 48 -6
34 37 -3
34 38 -1
34 39 10
34 44 -9
34 45 -15
34 46 -8
35 37 13
35 39 15
35 43 -2
36 37 -1
36 39 14
36 41 1
36 44 -5
36 45 10
36 48 4
37 39 8
37 41 13
37 44 5
37 46 -9
38 40 6
38 41 -3
38 43 -5
38 44 -5
38 47 -10
39 41 4
39 42 7
39 43 -9
39 45 4
40 41 -1
40 43 -12
40 44 -11
40 45 2
40 46 -10
40 47 -13
41 43 13
41 44 -3
41 45 -7
41 46 -7
42 47 12
43 45 -2
44 45 -12
44 47 9
44 48 15
45 47 -12
45 48 -7
46 47 -7
46 48 11
