64 1008
1 2 -7
1 4 -11
1 6 -10
1 9 -4
1 10 3
1 12 -15
1 13 6
1 15 -13
1 19 9
1 22 -5
1 23 10
1 24 13
1 28 -5
1 31 4
1 32 -3
1 34 12
1 38 -11
1 40 4
1 42 11
1 45 -3
1 47 -14
1 48 -2
1 49 -14
1 51 14
1 54 -2
1 56 -1
1 57 8
1 58 -9
1 60 14
1 61 11
1 62 7
1 63 -5
1 64 -4
2 3 -4
2 5 -4
2 8 9
2 14 12
2 15 -9
2 16 -11
2 19 -3
2 20 7
2 21 -7
2 26 12
2 28 -1
2 32 12
2 35 3
2 39 -5
2 47 12
2 48 11
2 51 6
2 52 14
2 53 12
2 60 -9
2 61 -6
2 62 11
2 64 3
3 4 1
3 8 13
3 13 11
3 14 -2
3 15 15
3 16 -5
3 17 -11
3 18 -8
3 19 -15
3 21 9
3 22 -7
3 23 15
3 24 -8
3 27 -11
3 30 1
3 33 -5
3 34 -12
3 37 -8
3 38 -9
3 41 -3
3 42 -8
3 45 14
3 46 9
3 48 -3
3 49 -2
3 52 10
3 53 -15
3 54 -9
3 56 7
3 60 -1
3 63 -1
3 64 12
4 7 -2
4 10 9
4 15 9
4 19 -9
4 21 -1
4 26 6
4 27 6
4 30 2
4 31 -15
4 32 -1
4 33 -14
4 35 5
4 36 4
4 38 12
4 39 15
4 42 12
4 43 4
4 44 5
4 45 9
4 47 7
4 50 1
4 52 -6
4 53 -7
4 55 -2
4 56 7
4 57 2
4 58 11
4 59 4
4 61 -6
4 62 10
4 63 2
4 64 2
5 9 -1
5 10 3
5 12 3
5 13 4
5 14 -12
5 15 -12
5 18 -15
5 21 -15
5 23 12
5 24 11
5 25 6
5 26 6
5 27 -6
5 29 -15
5 30 -15
5 34 4
5 35 -2
5 36 -11
5 37 -9
5 39 14
5 40 -12
5 41 -9
5 42 -15
5 43 8
5 45 -9
5 46 3
5 48 -13
5 50 7
5 51 5
5 52 10
5 53 7
5 55 11
5 56 -15
5 58 -10
5 59 10
5 61 6
5 63 -9
6 8 11
6 10 4
6 12 -2
6 13 2
6 20 4
6 22 10
6 23 -6
6 25 2
6 30 -7
6 31 5
6 35 -13
6 36 -7
6 37 3
6 39 14
6 40 -9
6 43 -9
6 45 -2
6 46 -14
6 49 3
6 50 5
6 51 1
6 52 -12
6 53 10
6 55 -1
6 58 -14
6 60 -2
7 8 -1
7 9 10
7 12 1
7 13 9
7 15 -7
7 17 -7
7 19 7
7 21 5
7 22 -1
7 25 7
7 28 -3
7 29 -8
7 30 9
7 32 8
7 33 -5
7 35 8
7 38 9
7 39 -2
7 41 -7
7 43 10
7 47 -4
7 52 -1
7 54 -1
7 55 -2
7 56 -1
7 58 -4
7 59 7
7 61 13
7 63 1
7 64 -2
8 15 10
8 19 4
8 20 4
8 22 14
8 23 7
8 24 13
8 25 5
8 26 -7
8 30 1
8 31 -10
8 32 -6
8 34 8
8 35 -1
8 37 3
8 43 11
8 45 8
8 47 15
8 48 12
8 49 10
8 51 11
8 52 -14
8 53 -15
8 56 6
8 57 -8
8 59 -2
9 13 10
9 14 -11
9 15 9
9 17 -8
9 20 -10
9 21 13
9 24 6
9 26 11
9 27 -5
9 31 -8
9 38 -14
9 42 -3
9 45 1
9 49 -4
9 51 -11
9 55 -6
9 57 -2
9 61 4
9 64 6
10 11 8
10 12 13
10 15 10
10 16 -11
10 18 5
10 22 1
10 23 1
10 24 1
10 25 -9
10 29 -5
10 31 -8
10 32 7
10 33 10
10 35 -11
10 39 1
10 40 15
10 42 -8
10 44 8
10 47 3
10 48 1
10 50 -7
10 52 3
10 54 -14
10 56 -14
10 57 -12
10 60 10
10 62 -9
10 63 -3
11 12 -1
11 13 -10
11 14 15
11 15 5
11 20 -12
11 22 -15
11 24 -11
11 26 4
11 31 11
11 33 -7
11 34 1
11 35 -6
11 37 -9
11 38 -10
11 40 11
11 44 11
11 48 -5
11 49 12
11 50 -13
11 51 -13
11 53 -2
11 54 -5
11 60 -9
11 61 14
11 63 13
11 64 -10
12 13 11
12 17 6
12 18 -4
12 19 -13
12 20 10
12 25 14
12 26 -8
12 31 -15
12 32 -7
12 33 9
12 35 12
12 37 5
12 38 14
12 39 -6
12 40 -2
12 41 -5
12 42 15
12 43 7
12 45 -8
12 46 -9
12 51 -1
12 54 15
12 55 6
12 56 9
12 57 -12
12 60 5
12 63 11
13 16 -11
13 19 -10
13 21 -15
13 24 12
13 25 -13
13 28 -7
13 29 -1
13 33 3
13 34 9
13 35 2
13 37 6
13 39 -12
13 40 11
13 42 -7
13 44 -12
13 45 14
13 48 9
13 49 -7
13 51 -3
13 53 14
13 55 -8
13 59 -12
13 63 -2
14 16 -9
14 17 -5
14 19 12
14 23 8
14 24 -9
14 25 9
14 27 -12
14 28 -1
14 29 14
14 30 8
14 31 -4
14 32 -12
14 33 -4
14 34 7
14 39 -4
14 42 -2
14 43 -10
14 44 13
14 46 -4
14 47 -12
14 49 -10
14 52 -7
14 56 2
14 58 -7
14 64 2
15 17 -1
15 20 -5
15 21 -15
15 22 -14
15 23 4
15 25 1
15 26 12
15 27 -1
15 28 9
15 33 -14
15 35 -12
15 36 6
15 38 -2
15 40 -10
15 42 15
15 50 -12
15 51 7
15 52 -4
15 53 -1
15 60 12
15 62 6
15 63 -14
15 64 -10
16 17 7
16 19 10
16 23 -4
16 24 -14
16 25 15
16 26 -6
16 27 -2
16 29 15
16 31 7
16 33 14
16 34 2
16 35 -9
16 36 -13
16 37 15
16 38 -12
16 40 -11
16 47 4
16 50 -4
16 53 -13
16 56 -10
16 58 -8
16 59 2
16 60 8
16 61 11
16 62 2
16 63 13
17 19 14
17 20 -10
17 21 5
17 22 -6
17 26 9
17 27 13
17 30 -15
17 31 4
17 35 10
17 36 -4
17 37 -15
17 41 8
17 43 -7
17 44 -6
17 50 15
17 52 10
17 56 13
17 57 14
17 59 12
17 61 8
17 64 6
18 20 12
18 22 -15
18 24 5
18 27 10
18 28 9
18 30 -7
18 31 -7
18 33 3
18 34 -1
18 35 11
18 40 -1
18 41 -14
18 44 7
18 45 -14
18 46 5
18 47 -1
18 52 7
18 59 1
18 62 -7
18 64 -5
19 20 10
19 23 4
19 24 -12
19 25 15
19 26 -10
19 30 7
19 31 7
19 33 -8
19 38 7
19 39 -9
19 41 -13
19 45 -2
19 48 -15
19 49 11
19 50 -4
19 54 -2
19 57 -14
19 60 -10
19 61 -10
19 63 -5
19 64 -15
20 21 6
20 22 -14
20 24 14
20 29 5
20 30 1
20 32 1
20 35 -2
20 37 12
20 38 8
20 40 5
20 41 -2
20 42 -9
20 43 -13
20 44 -11
20 45 14
20 48 -10
20 54 -10
20 55 -11
20 57 9
20 59 4
21 24 -5
21 28 -5
21 29 6
21 30 -3
21 31 13
21 32 -14
21 35 1
21 36 -14
21 37 -14
21 40 3
21 41 15
21 42 -7
21 43 -11
21 45 7
21 47 6
21 48 -10
21 49 -8
21 50 -13
21 51 -3
21 52 1
21 54 -10
21 55 -15
21 56 -11
21 57 2
21 62 -7
21 64 -7
22 23 -12
22 25 3
22 26 3
22 32 3
22 35 -7
22 37 5
22 38 15
22 40 8
22 42 -2
22 44 -4
22 47 7
22 49 11
22 50 -15
22 52 -3
22 53 3
22 55 1
22 56 14
22 58 -6
22 62 -12
22 64 -14
23 29 11
23 30 2
23 33 13
23 39 -12
23 40 6
23 42 1
23 44 12
23 46 10
23 50 -8
23 53 10
23 55 14
23 60 -3
23 62 13
23 63 -1
23 64 1
24 25 -3
24 27 -12
24 30 -8
24 32 1
24 33 -9
24 34 1
24 36 -6
24 37 13
24 38 11
24 40 6
24 42 -4
24 43 12
24 45 10
24 49 -15
24 51 -8
24 53 3
24 54 -2
24 57 1
24 58 4
24 59 14
24 60 -6
24 61 -1
24 62 11
25 29 9
25 30 -10
25 31 -3
25 32 -8
25 34 3
25 35 15
25 36 4
25 37 -8
25 39 12
25 41 -8
25 42 -11
25 45 7
25 49 -6
25 50 8
25 51 1
25 52 6
25 53 -4
25 55 5
25 57 3
25 60 14
25 61 13
25 63 6
25 64 -6
26 27 -8
26 28 1
26 30 7
26 33 -3
26 36 15
26 37 -2
26 39 6
26 40 -8
26 42 -10
26 43 -12
26 44 2
26 45 6
26 49 -6
26 50 -6
26 51 1
26 55 9
26 57 2
26 58 4
26 60 -13
26 61 12
26 64 9
27 30 4
27 34 -10
27 35 -5
27 36 4
27 39 15
27 42 11
27 43 11
27 45 10
27 46 1
27 52 -3
27 53 -10
27 54 9
27 55 -14
27 56 11
27 57 1
27 58 -7
27 59 -6
27 60 -9
27 61 -11
27 62 -11
28 29 -13
28 34 -11
28 35 -5
28 38 6
28 39 -11
28 41 -2
28 42 5
28 43 -9
28 44 6
28 45 -6
28 47 15
28 48 -7
28 49 -15
28 50 11
28 51 -2
28 53 -13
28 58 15
28 60 12
28 62 -3
29 31 8
29 32 5
29 33 4
29 34 15
29 36 7
29 37 -10
29 38 -9
29 39 11
29 40 -11
29 41 -9
29 44 -1
29 46 12
29 49 -4
29 50 -5
29 51 1
29 52 15
29 54 -4
29 55 1
29 56 -4
29 57 5
29 59 -8
29 62 2
29 63 -1
30 31 -8
30 33 -9
30 34 -3
30 41 -6
30 42 9
30 45 8
30 47 13
30 48 -4
30 49 15
30 51 3
30 52 -15
30 53 -11
30 56 11
30 58 -6
30 59 7
30 60 9
30 61 10
30 63 -8
31 33 4
31 37 -15
31 39 13
31 42 -14
31 43 -1
31 44 12
31 46 15
31 49 -1
31 50 14
31 51 -11
31 52 15
31 53 -3
31 54 7
31 57 10
31 58 14
31 59 8
31 60 10
31 62 4
31 63 14
32 35 10
32 38 3
32 39 12
32 40 -3
32 41 -6
32 49 -6
32 50 -6
32 51 14
32 55 14
32 56 -2
32 57 13
32 60 -15
32 62 -14
32 63 12
33 37 1
33 38 -13
33 39 -1
33 40 -15
33 42 15
33 43 9
33 45 -12
33 47 2
33 48 -9
33 49 11
33 52 9
33 54 -7
33 59 15
33 60 2
33 61 13
33 63 10
33 64 -3
34 35 15
34 37 -3
34 41 12
34 42 -11
34 43 -3
34 45 -10
34 46 -14
34 47 13
34 48 -9
34 49 -10
34 52 -6
34 54 12
34 55 8
34 56 11
34 57 -5
34 59 -4
34 64 -12
35 36 12
35 39 10
35 41 14
35 42 13
35 45 -2
35 48 11
35 49 -13
35 52 11
35 53 7
35 54 -6
35 55 -12
35 60 13
35 61 -5
35 64 -1
36 39 6
36 42 8
36 46 -3
36 48 -5
36 50 -4
36 51 -12
36 53 15
36 56 -13
36 57 11
36 58 -2
36 59 14
36 62 -12
36 64 -15
37 38 10
37 40 15
37 41 11
37 42 15
37 44 -7
37 49 -14
37 50 -6
37 52 -10
37 55 -15
37 57 8
37 58 -13
37 59 -10
37 61 2
38 45 11
38 46 -9
38 47 -14
38 49 -7
38 50 3
38 54 5
38 55 1
38 57 -12
38 58 -11
38 59 6
38 61 15
38 63 14
39 40 7
39 41 14
39 48 11
39 49 -1
39 50 -12
39 52 5
39 53 -6
39 55 -10
39 56 -9
39 57 -1
39 59 6
39 61 -15
39 62 -12
39 64 -10
40 41 -10
40 42 -14
40 43 5
40 44 2
40 48 5
40 50 -5
40 52 -5
40 57 -1
40 58 -5
40 63 -13
40 64 4
41 45 -14
41 46 -12
41 47 10
41 50 5
41 51 14
41 54 -10
41 55 -1
41 56 14
41 57 -4
42 45 -8
42 46 12
42 49 5
42 56 9
42 58 3
42 60 -2
42 62 5
42 63 -9
43 44 -14
43 45 5
43 48 3
43 51 1
43 53 9
43 54 5
43 56 3
43 58 3
43 61 -13
43 62 14
43 63 2
44 45 -15
44 47 -2
44 49 -12
44 52 -12
44 57 5
44 61 13
44 63 1
44 64 -10
45 46 -1
45 47 -10
45 48 5
45 49 5
45 51 -2
45 53 -13
45 54 -12
45 56 -9
45 58 -7
45 61 8
45 62 8
45 63 13
45 64 -11
46 48 14
46 51 -10
46 57 6
46 58 -9
46 60 -15
46 62 -8
47 48 3
47 49 14
47 50 -6
47 51 11
47 54 3
47 55 13
47 59 12
47 60 -12
47 63 -3
47 64 -4
48 49 -9
48 51 14
48 53 -6
48 54 2
48 56 -1
48 57 8
48 59 -7
48 60 -1
48 61 7
48 62 11
48 63 9
49 51 -15
49 52 -14
49 53 6
49 54 1
49 55 13
49 57 2
49 58 -2
49 60 9
49 61 -2
49 63 -1
49 64 -14
50 51 8
50 52 -14
50 55 6
50 58 -12
50 60 -6
50 61 -6
50 63 4
51 52 12
51 54 6
51 59 13
51 61 -12
52 54 11
52 56 8
52 57 -3
52 58 -10
52 61 9
52 63 15
53 54 2
53 55 -6
53 56 15
53 58 -4
53 59 15
53 60 -1
53 61 -2
54 55 -3
54 57 11
54 58 4
54 59 -11
54 60 1
54 61 -5
54 63 -5
55 58 -6
55 59 2
55 60 10
55 63 13
56 58 13
56 59 -12
57 58 13
57 61 -14
57 64 7
58 59 6
58 60 -1
58 64 8
59 62 13
59 63 -6
59 64 2
60 61 13
60 64 7
61 62 -2
61 63 -8
61 64 -9
62 63 1
