64 604
1 2 -11
1 3 8
1 4 -10
1 7 -2
1 9 6
1 11 13
1 12 -4
1 17 3
1 18 7
1 23 -12
1 36 -9
1 37 9
1 41 -7
1 44 -9
1 45 9
1 48 -13
1 50 1
1 53 -10
1 54 1
1 55 -1
1 57 6
1 60 -5
1 62 -3
1 63 -4
1 64 5
2 3 9
2 12 -12
2 15 6
2 16 9
2 19 -2
2 20 -2
2 23 15
2 25 4
2 37 4
2 46 -5
2 51 -4
2 53 4
2 54 15
2 55 -7
2 57 12
2 59 2
2 60 15
3 8 10
3 9 -12
3 11 -11
3 12 -13
3 17 13
3 18 5
3 20 7
3 27 -8
3 31 10
3 33 15
3 36 -8
3 40 -1
3 42 -10
3 43 11
3 45 4
3 47 -3
3 49 14
3 53 13
3 57 -14
3 58 12
3 60 9
4 7 -4
4 10 9
4 15 -8
4 17 7
4 23 -2
4 24 -1
4 30 4
4 33 6
4 36 3
4 40 -2
4 49 1
5 9 -8
5 12 -1
5 13 -7
5 15 8
5 21 1
5 22 1
5 23 1
5 26 1
5 27 2
5 29 -4
5 31 2
5 35 11
5 39 2
5 41 -1
5 46 12
5 47 3
5 50 7
5 52 -14
5 54 -12
5 55 5
5 59 -2
6 7 -13
6 26 -12
6 32 -1
6 39 -12
6 40 10
6 42 11
6 46 5
6 48 -14
6 55 -10
6 58 3
6 59 13
6 62 -7
7 19 -1
7 21 8
7 24 5
7 31 -2
7 37 3
7 38 9
7 39 -12
7 40 -10
7 46 3
7 50 -2
7 52 1
7 53 1
7 54 7
7 57 9
7 64 11
8 9 -8
8 10 4
8 11 3
8 12 -6
8 17 11
8 21 13
8 23 -14
8 28 1
8 37 15
8 38 1
8 40 -8
8 49 6
8 51 -3
8 53 -4
9 10 -11
9 13 4
9 17 8
9 19 -8
9 26 14
9 34 10
9 35 14
9 36 -5
9 39 10
9 42 2
9 44 -2
9 45 15
9 46 2
9 47 -7
9 49 -4
9 51 8
9 52 -12
9 54 -10
9 56 -14
9 57 -3
9 62 11
9 63 -3
9 64 -12
10 13 -15
10 14 -2
10 15 -5
10 20 -9
10 23 13
10 25 13
10 27 4
10 29 -5
10 31 3
10 32 5
10 33 -4
10 35 -6
10 38 15
10 41 -5
10 43 11
10 46 4
10 49 3
10 50 -15
10 51 -1
10 53 -8
10 55 -6
10 58 -9
11 20 -6
11 28 -12
11 31 7
11 40 3
11 41 6
11 45 9
11 47 7
11 48 -4
11 49 -2
11 53 12
11 55 -12
11 57 -11
11 59 -11
11 61 15
11 64 2
12 19 -5
12 22 -15
12 28 -4
12 37 -7
12 38 9
12 52 -1
12 58 -13
12 63 12
13 21 -7
13 25 -5
13 28 13
13 29 1
13 31 10
13 32 -7
13 38 9
13 39 11
13 42 -7
13 43 9
13 45 3
13 47 -13
13 50 -14
13 51 -3
13 54 9
13 58 9
13 62 -2
13 63 -5
14 19 9
14 22 -7
14 26 -14
14 31 -6
14 50 -7
14 52 12
14 54 -6
14 59 -6
14 62 6
15 16 -13
15 17 -12
15 20 5
15 21 11
15 25 -2
15 26 -15
15 34 -12
15 39 -5
15 44 4
15 47 12
15 49 15
15 52 10
15 54 -3
15 61 -15
15 64 -10
16 21 5
16 23 9
16 24 10
16 28 -10
16 29 -11
16 33 14
16 35 7
16 40 -6
16 41 6
16 43 -7
16 44 -2
16 45 13
16 53 4
16 55 8
16 63 3
17 18 12
17 27 5
17 29 -8
17 32 8
17 37 -13
17 38 -9
17 40 2
17 42 -12
17 44 -11
17 48 -13
17 50 -9
17 55 15
17 56 -12
17 60 10
18 20 4
18 22 -15
18 23 7
18 26 9
18 28 -15
18 29 -11
18 32 2
18 36 -13
18 39 -1
18 43 -4
18 47 3
18 50 4
18 52 -3
18 53 -2
18 55 15
18 57 15
18 58 7
18 60 2
18 63 13
19 25 7
19 26 -14
19 29 -13
19 30 7
19 34 9
19 37 -4
19 38 -12
19 40 9
19 41 1
19 42 -5
19 43 6
19 51 -10
19 52 1
19 53 -14
19 54 7
20 21 3
20 23 3
20 24 3
20 30 6
20 32 -9
20 35 4
20 43 -5
20 45 2
20 48 -13
20 59 5
20 61 13
20 62 -8
20 64 3
21 27 7
21 30 -10
21 32 -10
21 35 7
21 38 -5
21 42 -11
21 46 -3
21 57 -1
21 62 -2
21 64 -7
22 25 5
22 29 1
22 33 -13
22 35 11
22 37 -7
22 40 -8
22 53 -9
22 54 9
22 57 -9
22 63 2
22 64 -11
23 24 7
23 28 -2
23 32 11
23 34 -15
23 40 2
23 44 11
23 45 1
23 46 11
23 51 -1
23 55 14
23 56 -4
23 58 14
23 59 -3
23 60 -15
23 61 4
24 27 1
24 29 -13
24 32 1
24 37 -2
24 38 -2
24 40 12
24 44 -3
24 48 -1
24 52 3
24 53 5
24 54 1
24 55 -1
24 60 13
24 62 1
24 63 -15
24 64 2
25 29 6
25 30 12
25 32 -8
25 35 -9
25 36 11
25 43 1
25 47 -8
25 58 -5
25 59 -8
26 28 -10
26 29 -9
26 30 -8
26 33 8
26 43 -13
26 48 -12
26 52 -9
26 59 -15
26 63 4
27 32 6
27 37 6
27 38 2
27 40 13
27 41 -2
27 45 -8
27 51 14
28 33 12
28 40 -14
28 44 -13
28 57 -7
28 62 -11
29 30 13
29 34 13
29 35 -4
29 37 -8
29 42 11
29 47 2
29 50 -3
29 52 8
29 56 -3
29 59 12
29 60 4
29 61 -15
29 63 -5
30 34 4
30 36 10
30 40 -4
30 42 -4
30 45 13
30 49 8
30 54 2
30 58 -2
30 62 -14
31 32 2
31 33 8
31 34 -5
31 35 -1
31 38 -1
31 39 1
31 40 -5
31 41 4
31 43 15
31 50 13
31 52 11
31 62 9
31 64 9
32 34 -6
32 37 -12
32 40 3
32 44 14
32 46 -14
32 54 -7
32 58 -2
32 59 15
32 64 4
33 34 4
33 39 11
33 41 4
33 48 2
33 51 -11
33 55 -10
33 58 -2
33 61 -14
33 62 2
33 63 -10
34 38 3
34 39 -13
34 41 12
34 47 5
34 50 -3
34 53 12
34 56 -3
34 61 6
34 62 10
35 42 -8
35 43 14
35 47 -3
35 50 -15
35 53 1
35 56 -3
35 59 3
35 64 10
36 39 -1
36 42 -3
36 44 -11
36 47 13
36 49 -9
36 50 10
36 52 15
36 55 -2
36 56 2
36 57 -5
36 58 10
36 61 -14
37 39 5
37 42 -10
37 51 8
37 53 -3
37 58 9
37 62 13
38 42 -14
38 43 13
38 45 -14
38 46 -8
38 52 -1
38 53 10
38 58 -8
38 60 15
38 62 1
39 41 -14
39 46 15
39 48 1
39 49 4
39 56 9
39 59 -4
40 41 -9
40 45 -10
40 53 -9
40 57 -14
40 59 -15
41 44 -3
41 48 -6
41 49 5
41 50 -3
41 52 -6
41 54 3
41 60 5
41 62 -9
42 44 -12
42 49 -3
42 51 3
42 52 1
42 55 -5
42 59 -2
42 60 8
42 62 -5
42 64 13
43 50 -6
43 53 -11
43 55 13
43 59 -4
43 64 -3
44 46 5
44 47 -12
44 49 9
44 50 15
44 54 1
44 56 -15
44 57 -14
44 58 -8
44 60 -9
44 61 -12
45 46 -13
45 51 14
45 55 2
45 57 2
45 58 3
45 60 1
45 62 15
46 48 -3
46 52 -2
46 55 14
46 59 10
46 63 11
46 64 12
47 49 -6
47 50 -2
47 51 10
47 53 -8
47 55 13
48 53 4
48 54 -3
48 55 10
48 56 -3
48 57 5
48 58 -11
48 61 -12
49 50 12
49 51 -11
49 56 2
49 57 -7
49 60 15
50 52 1
50 53 -13
50 54 14
50 55 14
50 56 8
50 58 13
50 59 8
50 63 9
51 52 13
51 55 10
51 56 -5
51 58 3
51 59 -13
52 62 -13
52 63 9
52 64 9
53 61 -4
53 62 -4
54 55 -11
54 63 -8
56 60 -2
56 64 14
57 58 -1
57 59 9
57 60 10
58 59 6
58 63 -9
60 61 13
60 64 -13
