64 1008
1 2 -5
1 6 13
1 8 6
1 10 -11
1 13 -12
1 17 -8
1 20 -10
1 21 2
1 22 5
1 23 -7
1 27 12
1 28 1
1 29 5
1 31 3
1 32 8
1 35 9
1 39 -4
1 41 2
1 46 11
1 47 -13
1 48 -14
1 51 9
1 52 -5
1 54 3
1 56 -8
1 57 11
1 58 -3
1 60 -4
1 62 -2
1 64 9
2 4 4
2 5 -2
2 6 10
2 7 3
2 8 13
2 9 -2
2 11 -2
2 14 -7
2 15 -14
2 16 9
2 17 10
2 18 -11
2 19 6
2 21 -7
2 22 -8
2 23 11
2 24 1
2 25 2
2 27 -6
2 28 14
2 29 12
2 30 12
2 34 2
2 37 14
2 39 8
2 43 13
2 45 -9
2 47 14
2 48 7
2 49 -10
2 52 2
2 55 -6
2 56 15
3 7 2
3 8 -13
3 9 -3
3 10 -3
3 12 -13
3 13 -14
3 14 6
3 15 5
3 16 -14
3 18 10
3 19 6
3 21 5
3 23 5
3 25 14
3 28 -6
3 29 9
3 31 -4
3 32 7
3 34 14
3 35 8
3 36 10
3 37 13
3 38 8
3 39 -3
3 40 -2
3 42 -15
3 43 15
3 45 -5
3 46 15
3 48 -6
3 49 2
3 51 10
3 53 15
3 56 8
3 57 -9
3 58 -10
3 59 -7
3 60 4
3 62 -8
4 5 -9
4 10 9
4 12 15
4 13 2
4 14 -9
4 15 7
4 16 -1
4 17 1
4 20 12
4 22 15
4 23 5
4 24 1
4 25 -2
4 29 7
4 30 4
4 33 -15
4 35 1
4 36 2
4 37 14
4 38 -3
4 42 2
4 44 10
4 46 9
4 47 -2
4 49 -7
4 51 -6
4 53 -13
4 55 -3
4 56 6
4 57 10
4 58 -6
4 59 4
4 60 10
4 62 7
4 63 -9
4 64 9
5 10 -8
5 12 -8
5 13 -11
5 18 7
5 20 10
5 22 14
5 26 8
5 31 -3
5 33 -1
5 34 4
5 43 -14
5 44 -14
5 46 -1
5 49 5
5 50 -11
5 51 -3
5 54 3
5 55 5
5 56 5
5 58 -9
5 60 -12
5 62 15
5 64 -11
6 10 4
6 11 5
6 12 -10
6 14 -12
6 16 13
6 20 -8
6 22 -6
6 26 -3
6 28 -13
6 29 13
6 30 -1
6 31 -13
6 34 -12
6 36 -5
6 37 -12
6 38 -6
6 40 9
6 43 -14
6 45 -8
6 47 -15
6 50 -4
6 51 4
6 52 -3
6 54 -6
6 55 8
6 57 -3
6 60 -12
6 61 6
6 62 -13
6 64 13
7 11 -1
7 15 -12
7 17 -3
7 18 -4
7 20 2
7 22 -15
7 24 -1
7 25 2
7 26 4
7 27 -11
7 28 4
7 29 -8
7 30 10
7 31 3
7 32 -3
7 34 -4
7 35 -10
7 37 -14
7 38 3
7 40 -10
7 41 -12
7 42 -5
7 43 -14
7 44 -1
7 45 15
7 46 12
7 50 1
7 51 2
7 52 5
7 54 9
7 55 -1
7 57 7
7 58 -11
7 61 12
7 62 -3
7 63 1
7 64 12
8 9 -14
8 11 12
8 13 -9
8 16 14
8 22 2
8 25 6
8 26 -7
8 27 -4
8 28 7
8 31 -10
8 32 4
8 33 10
8 35 -4
8 42 -13
8 43 5
8 45 -13
8 48 11
8 50 -11
8 51 -2
8 54 2
8 55 -11
8 60 10
8 63 -14
8 64 -7
9 10 11
9 11 -6
9 13 -2
9 15 -8
9 16 -14
9 17 1
9 19 15
9 21 3
9 25 -8
9 27 -6
9 31 -6
9 33 7
9 35 -8
9 39 -3
9 41 5
9 42 -2
9 44 -3
9 47 -8
9 49 9
9 50 -1
9 51 14
9 55 -6
9 56 -15
9 58 -1
9 61 -13
9 63 5
10 12 6
10 13 -12
10 14 -6
10 16 -3
10 18 10
10 19 4
10 21 14
10 24 8
10 27 6
10 28 -13
10 29 14
10 30 7
10 34 -14
10 35 -4
10 37 1
10 41 6
10 43 -7
10 46 -11
10 48 12
10 50 -9
10 54 -9
10 57 -11
10 61 -3
11 12 -2
11 13 -14
11 16 -9
11 19 -9
11 24 15
11 25 -6
11 26 5
11 29 -1
11 34 9
11 36 6
11 37 -1
11 39 13
11 42 -11
11 47 12
11 48 -5
11 49 4
11 50 10
11 51 3
11 52 -1
11 53 12
11 55 -9
11 58 -1
11 59 8
11 61 10
11 62 15
11 63 4
12 16 -8
12 18 8
12 19 -14
12 24 9
12 26 -2
12 28 -5
12 32 11
12 33 14
12 34 -1
12 36 -5
12 39 9
12 41 11
12 46 4
12 49 7
12 50 -5
12 59 -1
12 62 11
12 63 -1
13 15 -4
13 23 -11
13 24 -2
13 25 3
13 27 -5
13 28 2
13 29 14
13 31 -1
13 32 -6
13 34 8
13 42 -10
13 44 -12
13 47 5
13 48 -15
13 49 -12
13 53 -2
13 55 -1
13 56 10
13 57 -15
13 58 -8
13 59 12
13 60 7
13 62 -5
13 63 12
13 64 1
14 17 -12
14 20 3
14 23 -9
14 25 11
14 27 -2
14 29 -8
14 31 15
14 33 9
14 37 -2
14 38 -12
14 40 8
14 46 12
14 48 3
14 49 4
14 51 -7
14 61 -14
14 63 2
15 17 10
15 23 -15
15 25 -11
15 26 -11
15 27 -9
15 29 -8
15 33 -9
15 35 4
15 36 14
15 37 15
15 38 -12
15 39 -8
15 40 -3
15 41 -10
15 42 -6
15 43 -4
15 45 1
15 49 -12
15 51 -3
15 55 -15
15 58 8
15 59 -1
15 60 -6
15 61 3
15 62 8
15 63 6
15 64 -14
16 20 5
16 23 -3
16 25 6
16 27 -14
16 28 4
16 29 -12
16 30 -15
16 31 -11
16 32 12
16 34 10
16 36 -4
16 37 -3
16 38 -3
16 41 6
16 42 -10
16 43 -13
16 44 4
16 46 -15
16 47 5
16 49 10
16 50 -13
16 52 -8
16 54 4
16 55 5
16 56 9
16 60 -12
16 62 -3
16 63 -12
16 64 3
17 21 10
17 24 12
17 26 -2
17 27 15
17 30 6
17 32 -3
17 33 -8
17 34 6
17 35 5
17 36 3
17 39 9
17 41 13
17 42 -15
17 45 -9
17 46 -8
17 47 -11
17 48 -4
17 49 6
17 51 -7
17 53 15
17 54 -8
17 59 3
17 60 -1
17 62 -1
17 63 15
18 19 4
18 20 9
18 21 14
18 22 12
18 25 13
18 30 -2
18 31 -11
18 32 7
18 33 11
18 35 -4
18 37 12
18 40 12
18 41 -7
18 45 5
18 47 -9
18 49 -1
18 50 15
18 51 -1
18 53 -7
18 57 7
18 58 4
18 59 -13
18 60 7
18 62 -15
18 63 -13
18 64 -2
19 20 8
19 22 4
19 27 6
19 28 15
19 29 13
19 35 -12
19 38 7
19 39 4
19 40 -5
19 43 -10
19 44 -1
19 47 -10
19 48 2
19 49 -1
19 50 1
19 51 -4
19 53 -1
19 55 9
19 56 -6
19 59 5
19 60 13
19 63 5
19 64 -4
20 22 -14
20 25 11
20 28 -14
20 29 -11
20 31 15
20 32 14
20 33 5
20 34 -10
20 36 7
20 38 -10
20 41 -11
20 44 -14
20 45 -9
20 47 -13
20 51 -8
20 59 3
20 63 -14
20 64 7
21 22 11
21 24 -4
21 25 4
21 29 8
21 30 8
21 31 -5
21 35 3
21 36 -7
21 38 -14
21 40 5
21 42 -3
21 45 14
21 51 3
21 53 -5
21 54 8
21 55 -6
21 57 -10
21 58 11
21 59 -8
21 63 -2
21 64 4
22 23 -8
22 24 13
22 25 -12
22 29 -6
22 32 -10
22 34 12
22 35 -14
22 39 -10
22 41 -12
22 42 -14
22 43 8
22 44 12
22 46 1
22 47 15
22 51 4
22 53 -5
22 58 -1
22 63 14
23 24 -10
23 26 -14
23 27 -5
23 28 -4
23 29 -5
23 33 -12
23 34 2
23 35 -9
23 36 -10
23 39 11
23 40 6
23 41 1
23 42 -6
23 43 12
23 44 -6
23 46 -15
23 48 -2
23 50 -10
23 52 -6
23 54 -10
23 55 -4
23 56 -10
23 58 1
23 59 -4
23 64 3
24 25 -9
24 26 1
24 28 2
24 29 -6
24 30 11
24 32 -6
24 35 -10
24 36 -5
24 38 15
24 39 7
24 40 -14
24 42 1
24 47 -8
24 50 7
24 51 15
24 52 -1
24 54 -13
24 56 -13
24 57 1
24 58 7
24 62 2
24 64 9
25 29 7
25 32 -2
25 33 3
25 38 -6
25 39 14
25 40 -1
25 41 5
25 43 13
25 45 -7
25 46 13
25 48 -5
25 52 6
25 53 13
25 54 11
25 56 4
25 58 11
25 59 6
25 61 -2
25 62 15
26 27 14
26 28 -15
26 30 9
26 32 -5
26 35 -10
26 36 -14
26 37 -2
26 38 10
26 42 8
26 43 15
26 45 -13
26 47 -4
26 50 4
26 52 -7
26 58 8
26 60 5
26 62 3
26 63 4
27 28 -9
27 32 4
27 34 1
27 35 12
27 39 1
27 41 -3
27 42 1
27 43 -11
27 44 -8
27 45 -15
27 46 5
27 48 15
27 49 -11
27 52 14
27 55 -5
27 56 8
27 57 -4
27 59 -6
27 60 9
27 62 10
28 31 10
28 32 -13
28 36 13
28 38 -5
28 39 11
28 40 -7
28 41 -4
28 42 -2
28 45 1
28 49 3
28 50 -15
28 56 -9
28 58 -1
28 59 10
28 63 -2
29 32 -7
29 33 14
29 34 9
29 38 -10
29 41 -8
29 42 -13
29 44 -4
29 45 3
29 46 5
29 47 8
29 48 -11
29 50 -7
29 55 -11
29 56 12
29 58 -5
29 59 7
29 60 -9
29 61 -10
29 62 -4
29 63 -9
30 31 -9
30 33 8
30 34 15
30 35 7
30 36 -3
30 37 10
30 40 -5
30 41 4
30 43 9
30 46 11
30 48 13
30 54 -13
30 55 12
30 56 15
30 57 15
30 59 3
30 60 -5
30 61 3
30 63 -1
31 34 -9
31 35 4
31 42 -10
31 49 1
31 50 10
31 51 7
31 52 2
31 54 1
31 55 8
31 57 8
31 59 -6
31 60 -6
31 62 13
31 63 4
31 64 15
32 34 12
32 35 12
32 37 8
32 38 9
32 40 -13
32 41 -14
32 42 2
32 44 15
32 45 14
32 46 14
32 49 4
32 50 1
32 52 6
32 53 -15
32 56 8
32 60 -1
32 61 6
32 62 10
32 64 -13
33 34 -10
33 35 3
33 36 6
33 37 -9
33 38 -1
33 41 12
33 43 4
33 45 2
33 46 10
33 47 -12
33 48 -2
33 49 -7
33 50 -9
33 53 8
33 59 2
33 60 14
33 61 12
33 62 -12
33 64 12
34 35 13
34 37 10
34 38 -13
34 40 -5
34 44 1
34 45 -1
34 46 -4
34 48 -14
34 49 -6
34 50 -1
34 53 -7
34 54 -4
34 55 14
34 56 -7
34 59 13
34 61 -8
34 63 4
34 64 -9
35 40 -9
35 41 -9
35 42 -9
35 48 15
35 49 -9
35 52 -13
35 54 -12
35 55 -4
35 57 11
35 58 11
35 59 1
35 60 3
35 61 -11
36 40 -14
36 44 -3
36 48 -7
36 50 -12
36 53 -3
36 54 12
36 55 11
36 56 -6
36 59 -13
36 61 -10
36 64 1
37 41 12
37 42 8
37 46 -5
37 48 -7
37 49 11
37 50 -1
37 56 -9
37 62 1
37 63 1
38 40 -4
38 41 -3
38 43 1
38 45 9
38 46 13
38 49 3
38 50 4
38 52 7
38 53 11
38 54 4
38 55 -4
38 58 8
38 61 -12
38 62 -8
38 64 12
39 41 3
39 42 -3
39 43 -11
39 45 15
39 47 14
39 49 -6
39 52 8
39 54 8
39 56 -11
39 58 -14
39 59 5
39 61 9
39 63 5
40 41 5
40 44 3
40 48 -2
40 50 -1
40 53 -11
40 54 -12
40 57 -10
40 60 -2
40 62 15
40 64 6
41 45 -15
41 47 -11
41 49 2
41 50 7
41 52 1
41 53 -7
41 55 -4
41 57 -9
41 61 15
41 63 15
41 64 3
42 45 11
42 48 -11
42 50 -14
42 51 -9
42 55 -2
42 56 10
42 58 14
42 60 4
42 64 4
43 44 -10
43 47 -9
43 48 11
43 55 1
43 57 13
43 58 4
43 61 10
44 46 15
44 49 -8
44 55 -13
44 56 -2
44 57 -1
44 58 13
44 59 10
44 60 7
44 61 14
44 62 8
44 63 12
45 46 11
45 47 -7
45 49 -4
45 50 2
45 53 3
45 54 11
45 55 -7
45 56 -13
45 57 -6
45 58 -1
45 62 2
46 47 -6
46 49 11
46 52 3
46 53 -15
46 55 -9
46 56 2
46 57 15
46 59 -12
46 61 -7
46 62 -13
47 48 5
47 49 -1
47 51 3
47 53 10
47 54 9
47 56 -12
47 58 -1
47 59 -10
47 61 -15
47 63 -12
48 51 4
48 52 -14
48 59 -8
48 62 12
48 63 12
49 51 -4
49 52 12
49 53 12
49 56 2
49 58 -12
49 60 -15
49 61 -7
49 63 10
49 64 -3
50 51 6
50 56 -5
50 59 9
50 63 1
51 52 -4
51 53 7
51 54 -15
51 55 -3
51 56 -2
51 62 -6
51 63 -9
52 53 -3
52 54 -5
52 58 -4
52 59 8
52 62 9
52 63 8
53 54 8
53 55 -11
53 57 -9
53 58 8
53 59 -8
53 60 15
53 63 -5
53 64 -7
54 55 -14
54 58 -8
54 62 -8
54 64 8
55 56 -12
55 58 3
55 59 -13
55 62 4
55 64 6
56 57 7
56 59 13
56 60 -9
56 62 -2
56 64 8
57 58 -3
57 62 6
57 63 -2
57 64 14
58 63 5
59 60 -15
59 62 -6
59 64 -14
61 62 2
61 64 -14
62 64 3
63 64 -3
