48 1015
1 2 1
1 3 -11
1 4 -9
1 5 -3
1 6 2
1 7 10
1 8 -2
1 9 -7
1 10 -8
1 11 -4
1 12 -8
1 13 13
1 14 10
1 15 8
1 16 10
1 17 -4
1 18 -5
1 19 4
1 20 1
1 21 8
1 22 -15
1 23 -12
1 24 -5
1 25 -11
1 26 6
1 27 13
1 28 10
1 29 -12
1 30 14
1 31 -2
1 32 9
1 33 -13
1 35 -15
1 36 10
1 37 13
1 38 14
1 39 2
1 40 -10
1 41 -11
1 42 3
1 43 5
1 44 15
1 45 -2
1 46 -11
1 47 8
1 48 7
2 3 -11
2 4 6
2 6 -10
2 7 -1
2 8 11
2 9 8
2 10 12
2 11 -7
2 12 -7
2 13 1
2 15 4
2 16 6
2 17 -8
2 18 -8
2 19 5
2 20 2
2 23 -3
2 24 -14
2 25 -8
2 26 -3
2 27 -12
2 28 7
2 29 -7
2 30 1
2 31 -1
2 32 -12
2 33 -4
2 34 -15
2 35 -7
2 36 -10
2 37 12
2 38 8
2 39 -9
2 40 14
2 41 2
2 42 -9
2 43 10
2 44 -14
2 48 -12
3 4 9
3 5 4
3 6 5
3 7 -10
3 8 5
3 10 10
3 11 -2
3 14 11
3 16 -14
3 17 1
3 18 3
3 19 -8
3 20 2
3 21 1
3 22 -1
3 23 14
3 24 -6
3 25 3
3 27 -3
3 28 -1
3 29 -6
3 30 -1
3 31 -5
3 32 11
3 33 7
3 34 -10
3 35 -2
3 36 -15
3 37 -7
3 39 8
3 40 -2
3 41 14
3 42 5
3 43 1
3 44 14
3 45 8
3 47 7
3 48 -1
4 5 9
4 6 -4
4 7 -5
4 8 -8
4 9 -14
4 10 -11
4 11 8
4 12 -1
4 13 2
4 14 -11
4 15 8
4 17 7
4 18 -12
4 19 -2
4 20 -1
4 21 -14
4 25 -12
4 26 15
4 27 2
4 28 -12
4 29 -6
4 30 12
4 31 12
4 32 12
4 33 5
4 34 10
4 35 14
4 36 -11
4 37 -8
4 38 -5
4 39 -2
4 40 -7
4 41 -14
4 42 10
4 43 -15
4 44 1
4 45 -6
4 46 -13
4 47 1
4 48 -13
5 7 14
5 8 -14
5 9 -13
5 10 -5
5 11 9
5 13 -15
5 15 -8
5 16 -7
5 17 -8
5 18 -13
5 19 7
5 20 2
5 21 -5
5 22 -12
5 23 -11
5 24 -5
5 25 12
5 26 -7
5 27 5
5 28 -9
5 29 -11
5 30 10
5 31 2
5 32 10
5 33 -12
5 35 -13
5 37 -12
5 38 -2
5 39 -5
5 40 -1
5 41 5
5 42 7
5 43 -3
5 44 2
5 45 3
5 47 -9
5 48 -14
6 7 4
6 8 7
6 10 -12
6 11 9
6 12 -10
6 13 -1
6 14 -6
6 15 -12
6 16 1
6 17 -6
6 18 -13
6 19 8
6 20 15
6 21 -14
6 22 9
6 23 11
6 24 -12
6 25 -12
6 26 3
6 27 7
6 28 14
6 29 4
6 30 -10
6 32 3
6 33 -3
6 34 14
6 35 -4
6 36 -14
6 37 4
6 38 -12
6 39 -15
6 40 -12
6 42 4
6 43 -2
6 44 11
6 45 7
6 46 8
6 47 -10
6 48 -1
7 8 14
7 9 13
7 10 9
7 11 -12
7 12 15
7 13 -1
7 14 13
7 15 -10
7 16 1
7 17 -15
7 18 12
7 19 5
7 20 5
7 21 1
7 22 -12
7 23 -2
7 25 9
7 26 8
7 27 -6
7 28 -14
7 29 -3
7 30 8
7 31 3
7 32 15
7 33 -10
7 34 -9
7 35 1
7 36 11
7 37 -3
7 38 -1
7 39 -10
7 40 5
7 41 4
7 42 -4
7 43 15
7 44 -5
7 45 12
7 46 4
7 47 -6
7 48 -10
8 9 -9
8 10 -10
8 12 -3
8 13 -6
8 14 14
8 16 -2
8 17 -5
8 18 -8
8 19 -13
8 20 8
8 21 -10
8 22 -9
8 23 -7
8 24 2
8 25 -15
8 26 1
8 27 -8
8 28 13
8 29 11
8 31 10
8 32 -1
8 33 6
8 34 -2
8 36 12
8 37 7
8 38 13
8 39 -6
8 40 8
8 41 6
8 42 6
8 43 -3
8 44 10
8 45 6
8 46 -5
8 47 -5
8 48 -6
9 11 -8
9 12 -13
9 13 -3
9 14 -2
9 15 11
9 16 8
9 17 -13
9 18 5
9 19 -6
9 20 -14
9 21 -1
9 22 14
9 23 10
9 24 -2
9 25 -11
9 26 -7
9 27 7
9 28 11
9 29 2
9 30 9
9 31 -4
9 32 7
9 33 9
9 34 11
9 35 -13
9 36 13
9 37 11
9 38 10
9 39 10
9 40 14
9 41 -4
9 42 14
9 43 2
9 44 -9
9 45 -1
9 46 3
9 47 -7
9 48 6
10 11 -14
10 12 -12
10 14 5
10 15 -13
10 16 15
10 17 15
10 18 9
10 19 -13
10 20 11
10 21 -8
10 22 -8
10 24 4
10 25 13
10 26 6
10 27 -10
10 28 -11
10 30 12
10 31 -10
10 32 13
10 33 3
10 34 13
10 37 -12
10 38 -15
10 39 12
10 40 -5
10 41 -12
10 42 -9
10 43 -1
10 44 -13
10 46 -13
10 47 15
10 48 11
11 12 6
11 14 10
11 15 -4
11 16 14
11 17 9
11 18 -5
11 19 -2
11 20 13
11 21 13
11 22 -11
11 23 12
11 24 6
11 25 14
11 26 -5
11 27 7
11 28 1
11 30 -1
11 31 10
11 32 10
11 34 1
11 35 -15
11 36 -12
11 37 -2
11 38 13
11 39 -13
11 40 -11
11 41 -12
11 42 -2
11 44 -8
11 45 -13
11 46 10
11 47 6
12 13 -6
12 14 -11
12 15 -8
12 16 -15
12 17 10
12 18 -4
12 19 -12
12 20 3
12 21 5
12 23 15
12 24 -2
12 25 -13
12 26 9
12 27 -11
12 28 -7
12 29 4
12 30 13
12 31 10
12 33 8
12 36 7
12 38 11
12 39 12
12 40 -12
12 41 -2
12 42 -12
12 44 -5
12 45 12
12 46 -7
12 47 13
12 48 15
13 14 -11
13 15 -1
13 16 -11
13 17 12
13 18 3
13 19 6
13 20 15
13 21 8
13 22 13
13 23 6
13 24 4
13 25 9
13 26 13
13 27 8
13 28 -14
13 29 11
13 30 15
13 31 13
13 32 6
13 33 6
13 34 -9
13 35 15
13 36 -6
13 37 -11
13 38 -10
13 39 5
13 40 5
13 41 -4
13 42 -4
13 43 10
13 44 14
13 45 10
13 46 12
13 47 -13
13 48 10
14 15 -15
14 16 -14
14 17 -9
14 18 3
14 20 5
14 22 6
14 23 -5
14 24 15
14 25 -5
14 26 15
14 27 14
14 29 9
14 30 -15
14 31 -2
14 33 9
14 34 11
14 35 1
14 36 -14
14 37 -2
14 38 -13
14 39 8
14 40 -13
14 41 -10
14 42 8
14 43 -6
14 44 1
14 45 -10
14 46 -7
14 47 -7
14 48 15
15 16 -7
15 17 -5
15 18 -13
15 19 -14
15 20 -5
15 21 3
15 22 -4
15 23 8
15 24 -4
15 25 -8
15 26 7
15 27 3
15 28 -7
15 29 -15
15 30 -7
15 32 15
15 33 -13
15 34 14
15 35 6
15 37 2
15 38 -3
15 39 12
15 40 -9
15 41 -7
15 42 9
15 43 -12
15 44 -8
15 45 -7
15 46 4
15 47 -9
15 48 -2
16 17 -8
16 18 -5
16 19 -1
16 20 12
16 22 -12
16 23 8
16 24 1
16 27 2
16 28 -11
16 29 -14
16 30 3
16 31 -8
16 32 9
16 33 -7
16 34 11
16 35 -7
16 36 -8
16 37 -3
16 39 -11
16 40 -4
16 41 -13
16 42 -6
16 43 -11
16 44 -13
16 45 -13
16 46 6
16 47 7
16 48 -6
17 20 5
17 22 14
17 23 -4
17 24 15
17 25 -8
17 26 6
17 27 13
17 28 10
17 29 14
17 30 2
17 31 -15
17 32 -1
17 33 8
17 34 9
17 35 -9
17 36 10
17 37 14
17 38 -3
17 39 -10
17 40 14
17 41 10
17 42 -8
17 43 13
17 44 2
17 45 -1
17 46 -11
17 47 6
17 48 -11
18 19 -1
18 20 3
18 21 -7
18 22 -5
18 23 -12
18 24 -15
18 25 1
18 26 15
18 27 -8
18 28 -7
18 29 1
18 30 -2
18 31 1
18 32 -15
18 33 15
18 34 2
18 35 -4
18 36 8
18 37 -10
18 38 9
18 39 -13
18 40 -12
18 41 -4
18 43 4
18 44 -12
18 45 -3
18 46 -11
18 47 -1
18 48 15
19 20 3
19 21 -12
19 22 9
19 23 5
19 24 2
19 25 15
19 26 3
19 27 11
19 28 6
19 29 -7
19 31 8
19 32 -9
19 34 8
19 35 4
19 36 4
19 37 -14
19 38 -5
19 39 3
19 40 14
19 42 -10
19 43 -15
19 44 -8
19 45 3
19 46 1
19 47 5
19 48 5
20 21 -5
20 22 -13
20 23 -12
20 24 -12
20 25 -4
20 26 -7
20 27 3
20 28 -6
20 29 -3
20 30 -14
20 31 9
20 32 5
20 34 -14
20 35 -14
20 36 14
20 37 -4
20 38 -15
20 39 -12
20 40 13
20 41 -11
20 42 -7
20 43 -6
20 45 11
20 46 -5
20 47 -10
20 48 9
21 23 8
21 24 -10
21 25 12
21 27 10
21 28 1
21 29 5
21 30 -6
21 31 -15
21 32 -4
21 33 6
21 35 7
21 36 5
21 37 -5
21 38 14
21 39 5
21 40 1
21 41 -12
21 42 -13
21 43 4
21 44 -10
21 46 -4
21 47 14
21 48 -7
22 23 -8
22 24 1
22 25 6
22 27 15
22 28 -15
22 29 -8
22 30 8
22 31 -15
22 33 -10
22 36 -2
22 37 10
22 38 8
22 39 4
22 40 2
22 41 3
22 42 -14
22 43 -9
22 44 7
22 45 2
22 46 10
22 47 13
22 48 4
23 24 -9
23 25 4
23 26 -11
23 27 4
23 28 8
23 29 8
23 31 12
23 32 11
23 33 -10
23 34 -14
23 35 5
23 36 -1
23 37 12
23 38 -4
23 39 3
23 40 -4
23 41 10
23 42 -7
23 43 8
23 44 -13
23 45 14
23 46 11
23 47 8
23 48 -14
24 25 10
24 26 8
24 28 -4
24 30 -5
24 31 4
24 32 -6
24 33 -2
24 34 14
24 36 -12
24 37 -5
24 38 4
24 39 -13
24 40 4
24 41 -12
24 42 11
24 43 -14
24 44 -11
24 45 -7
24 46 -8
24 47 2
24 48 11
25 26 -2
25 27 -3
25 28 4
25 29 14
25 31 9
25 34 2
25 35 3
25 36 -13
25 37 -8
25 38 8
25 39 7
25 40 14
25 41 9
25 43 1
25 45 -2
25 46 9
25 47 -13
25 48 7
26 28 11
26 29 4
26 30 15
26 31 -1
26 32 9
26 33 7
26 34 9
26 35 9
26 36 -3
26 38 -2
26 39 3
26 40 -5
26 41 11
26 43 -12
26 44 7
26 46 -8
26 47 7
26 48 -11
27 28 -5
27 29 5
27 30 -7
27 31 14
27 32 -4
27 33 12
27 34 -11
27 35 3
27 38 -8
27 39 5
27 40 13
27 41 11
27 42 12
27 43 -13
27 45 9
27 46 15
27 47 13
27 48 11
28 29 15
28 30 11
28 31 -9
28 32 -2
28 33 -15
28 34 14
28 35 -3
28 36 -12
28 37 11
28 38 7
28 39 7
28 41 -12
28 42 13
28 43 -9
28 44 -8
28 45 -2
28 47 -3
29 30 2
29 31 -9
29 32 -3
29 33 11
29 35 13
29 36 13
29 37 12
29 38 11
29 39 -14
29 40 14
29 41 5
29 42 -12
29 43 14
29 45 9
29 48 15
30 31 15
30 32 -2
30 33 1
30 34 10
30 36 -5
30 37 -7
30 38 -8
30 39 -6
30 40 2
30 41 8
30 42 -8
30 43 3
30 44 6
30 46 11
30 47 2
30 48 -4
31 32 -10
31 33 10
31 34 -4
31 35 -12
31 36 -7
31 37 -3
31 38 9
31 39 6
31 40 2
31 41 14
31 42 5
31 43 3
31 44 3
31 45 14
31 46 -12
31 47 -8
31 48 12
32 33 -15
32 34 -9
32 35 4
32 36 4
32 37 6
32 38 -5
32 39 8
32 41 -15
32 42 5
32 43 15
32 44 -11
32 45 4
32 46 6
32 47 1
32 48 -2
33 34 8
33 35 15
33 36 11
33 37 -13
33 38 12
33 39 12
33 40 -13
33 42 -2
33 43 -1
33 44 -11
33 45 12
33 46 2
33 47 -11
33 48 3
34 35 13
34 36 -4
34 37 2
34 38 11
34 39 7
34 40 13
34 41 8
34 43 -4
34 44 -11
34 45 1
34 47 -7
34 48 -13
35 36 5
35 37 10
35 38 8
35 39 3
35 40 -13
35 41 8
35 42 -15
35 43 -12
35 44 3
35 45 4
35 46 15
35 47 -6
35 48 -5
36 37 3
36 39 -6
36 40 -9
36 41 5
36 42 -2
36 44 3
36 45 13
36 46 15
36 47 3
36 48 -11
37 38 2
37 39 9
37 40 -13
37 41 -13
37 42 -1
37 43 -1
37 44 9
37 45 -1
37 48 7
38 39 -14
38 40 -3
38 41 1
38 42 13
38 43 -10
38 44 2
38 45 8
38 46 10
38 47 3
38 48 -15
39 40 14
39 41 -3
39 42 -3
39 43 10
39 44 -14
39 45 8
39 46 7
39 47 14
39 48 -14
40 41 7
40 42 2
40 43 -14
40 44 10
40 45 13
40 46 -1
40 47 -2
40 48 6
41 43 -11
41 44 -13
41 45 2
41 47 1
41 48 -12
42 43 -12
42 44 -7
42 45 4
42 46 -5
42 47 7
42 48 -5
43 44 1
43 45 2
43 46 -13
43 47 -7
43 48 -13
44 45 -14
44 46 -6
44 47 -2
44 48 -2
45 46 -6
45 47 -12
45 48 6
46 47 -13
46 48 11
47 48 -11
