64 604
1 4 14
1 7 -12
1 12 -12
1 15 -5
1 17 4
1 22 15
1 23 -3
1 27 13
1 36 -10
1 39 -8
1 42 12
1 50 -5
1 51 -3
1 53 -13
1 55 8
1 57 -8
1 58 1
1 61 -1
1 64 1
2 3 11
2 5 -6
2 6 -4
2 11 -6
2 12 4
2 13 -11
2 14 3
2 18 -11
2 20 10
2 21 -6
2 29 1
2 32 -4
2 36 12
2 38 -7
2 44 -4
2 45 9
2 48 -15
2 51 11
2 52 -13
2 58 -10
2 62 -10
2 63 -2
2 64 -6
3 6 -10
3 7 -5
3 10 -5
3 12 8
3 15 12
3 17 -10
3 21 13
3 22 5
3 29 -12
3 30 14
3 31 5
3 32 -13
3 39 7
3 40 13
3 43 15
3 44 7
3 49 1
3 51 -7
3 54 6
3 56 -15
3 57 11
3 58 10
3 59 -4
3 61 4
3 63 12
4 9 8
4 15 -12
4 22 14
4 23 8
4 27 11
4 29 -14
4 34 7
4 37 5
4 40 -7
4 42 -12
4 46 8
4 47 13
4 51 -6
4 52 -1
4 64 1
5 14 2
5 16 -6
5 21 -4
5 22 9
5 24 7
5 30 11
5 32 -1
5 33 15
5 36 -2
5 40 12
5 46 -1
5 48 6
5 51 9
5 58 -11
5 59 6
5 60 -3
6 8 -2
6 10 5
6 14 -4
6 20 15
6 22 -10
6 25 15
6 29 12
6 30 -10
6 34 -1
6 37 11
6 38 -7
6 42 4
6 45 3
6 51 6
6 52 8
6 54 10
6 58 8
6 62 7
6 63 14
7 8 6
7 11 6
7 17 15
7 18 -7
7 21 15
7 28 7
7 32 10
7 33 3
7 34 3
7 35 1
7 40 7
7 41 3
7 44 -12
7 45 6
7 46 -11
7 47 4
7 49 -2
7 50 14
7 51 14
7 59 4
7 61 -1
7 62 -10
8 9 -7
8 11 -13
8 28 -3
8 30 8
8 31 -10
8 34 4
8 41 4
8 42 7
8 53 12
8 56 -7
8 59 -14
8 61 -4
8 62 9
9 11 -9
9 12 -15
9 13 12
9 15 -10
9 16 3
9 17 3
9 19 -1
9 21 -9
9 25 14
9 29 4
9 36 -15
9 50 -14
9 52 -6
9 58 8
9 61 -6
9 64 -14
10 17 -14
10 18 6
10 19 6
10 24 8
10 36 -1
10 39 -6
10 40 8
10 43 -9
10 45 13
10 49 -12
10 56 2
11 12 -15
11 16 -13
11 26 13
11 35 -6
11 37 5
11 40 -14
11 42 7
11 44 -4
11 45 10
11 47 15
11 48 3
11 52 10
11 54 -11
11 58 -6
11 63 7
12 20 5
12 21 4
12 26 -5
12 29 7
12 32 7
12 35 -4
12 41 -9
12 43 -15
12 46 9
12 49 -12
12 57 -3
12 58 15
12 63 -4
12 64 8
13 14 1
13 15 -14
13 17 -3
13 20 13
13 23 8
13 27 12
13 31 -12
13 33 8
13 35 11
13 40 8
13 42 14
13 48 6
13 52 -10
13 53 -8
13 56 -12
14 18 1
14 22 12
14 23 10
14 27 11
14 28 -7
14 38 9
14 41 -6
14 44 -3
14 46 15
14 50 -11
14 54 -10
14 56 -3
14 58 3
14 59 11
14 61 -11
14 62 -2
14 64 1
15 16 -4
15 19 14
15 20 -13
15 24 2
15 26 10
15 28 14
15 30 3
15 35 7
15 38 -11
15 50 5
15 51 -1
15 56 13
15 59 -11
15 60 -11
15 62 -8
16 19 -5
16 21 -1
16 26 14
16 28 -15
16 32 3
16 35 -15
16 42 -11
16 44 3
16 47 12
16 48 -3
16 52 3
16 53 1
16 57 5
16 59 2
16 61 -9
16 62 14
16 63 3
17 19 -1
17 20 15
17 23 12
17 25 -10
17 29 12
17 30 -7
17 33 1
17 37 -10
17 38 9
17 39 -14
17 40 15
17 43 14
17 47 12
17 49 4
17 51 10
17 61 -1
17 62 11
17 64 -15
18 19 -1
18 20 3
18 21 8
18 29 -5
18 37 9
18 46 -1
18 48 -11
18 50 -5
18 52 -6
18 54 -8
18 55 -2
18 63 -4
19 21 5
19 23 -1
19 26 15
19 35 12
19 37 -6
19 38 -11
19 39 -15
19 42 -5
19 45 9
19 58 -9
19 62 6
19 64 4
20 22 1
20 23 -15
20 25 1
20 26 -7
20 27 8
20 28 -9
20 30 -12
20 33 15
20 39 -14
20 43 -3
20 48 9
20 52 9
20 56 -8
20 57 -12
20 59 1
20 61 5
20 62 -2
21 26 -3
21 27 -13
21 33 9
21 35 13
21 38 -6
21 42 -11
21 47 7
21 50 4
21 53 3
21 57 -10
21 58 -4
22 26 -14
22 29 1
22 33 8
22 35 -8
22 40 -14
22 43 1
22 44 -6
22 46 -7
22 53 10
22 57 -13
22 61 -14
23 24 7
23 25 2
23 26 14
23 29 -2
23 30 7
23 34 5
23 35 -13
23 38 12
23 42 8
23 44 -9
23 47 -9
23 52 -8
23 60 -12
23 62 6
23 64 -8
24 26 5
24 32 -7
24 33 -5
24 35 5
24 37 8
24 42 -4
24 43 -15
24 49 1
24 53 9
24 55 13
24 57 -7
24 58 -8
24 59 8
25 26 -6
25 27 -3
25 29 6
25 30 -1
25 31 -3
25 32 4
25 34 -4
25 35 -2
25 36 -6
25 45 15
25 50 -1
25 51 -8
25 56 15
25 58 4
25 59 -3
26 27 11
26 28 -10
26 31 -13
26 36 -8
26 38 9
26 39 -13
26 43 -2
26 49 -12
26 52 -1
26 55 -4
26 56 15
26 57 4
26 59 11
26 63 5
27 30 14
27 34 3
27 36 -12
27 38 3
27 39 -8
27 42 14
27 44 -4
27 48 5
27 51 -8
27 53 8
27 55 14
27 61 -10
28 29 11
28 33 -13
28 34 -12
28 42 11
28 43 8
28 44 -11
28 51 5
28 52 15
28 54 2
28 60 -4
28 63 11
29 33 -5
29 36 11
29 38 -14
29 40 15
29 45 8
29 46 -2
29 52 7
29 53 -11
29 54 9
29 56 -11
29 62 -14
29 63 10
30 37 11
30 42 6
30 49 14
30 50 2
30 54 -13
30 58 7
30 59 -2
30 61 -5
30 63 11
31 44 4
31 46 -2
31 47 -5
31 55 5
31 59 -6
31 63 13
32 34 -14
32 37 -7
32 39 13
32 40 14
32 44 -6
32 49 -2
32 52 1
32 55 -15
32 56 -9
32 64 5
33 35 -15
33 36 -6
33 37 15
33 40 -2
33 43 8
33 44 6
33 49 1
33 56 -5
33 59 -10
33 60 -4
33 62 -13
33 63 -6
34 38 -14
34 44 -12
34 47 10
34 48 -14
34 49 -9
34 51 8
34 52 14
34 55 3
34 59 14
34 61 -13
35 40 1
35 47 -7
35 50 -13
35 51 -7
35 52 15
35 57 -14
35 58 -13
35 61 -5
36 43 6
36 46 -14
36 47 10
36 49 -4
36 60 -2
36 61 -4
36 62 -3
37 41 7
37 49 -6
37 54 -8
37 55 8
37 60 13
38 45 -5
38 47 14
38 51 -5
38 54 2
38 57 6
38 59 11
38 61 -7
39 41 -13
39 45 -1
39 54 -12
39 55 -13
39 56 -14
39 58 -10
39 59 -7
39 61 11
40 45 15
40 46 -2
40 48 10
40 49 1
40 50 13
40 51 1
40 52 -8
40 53 -15
40 64 12
41 42 -9
41 43 5
41 46 -6
41 47 11
41 50 9
41 51 -12
41 54 -1
41 63 -10
42 44 10
42 45 -13
42 51 3
42 58 -2
42 63 10
43 45 -3
43 46 11
43 57 10
43 63 -2
43 64 -4
44 46 9
44 47 5
44 51 15
44 52 -8
44 54 2
44 59 -7
44 60 -5
44 61 -7
44 64 10
45 46 -9
45 49 8
45 51 4
45 52 12
45 53 -9
45 62 -14
46 49 11
46 51 13
46 52 -9
46 53 6
46 60 15
47 53 10
47 54 2
48 49 -12
48 50 -11
48 53 -2
48 54 -5
48 64 3
49 62 -5
50 52 -6
50 56 3
50 59 -15
51 53 -13
51 54 3
51 60 12
51 62 -14
52 57 -11
52 58 1
52 62 -12
52 64 -10
53 57 6
53 59 14
53 60 -9
53 63 -3
53 64 14
54 59 11
55 56 -2
56 60 -4
59 63 3
60 64 -15
61 63 -12
