32 446
1 2 -15
1 3 -5
1 4 11
1 5 -12
1 6 -7
1 7 3
1 8 12
1 9 -10
1 11 -7
1 13 -9
1 14 -7
1 15 8
1 16 -10
1 17 -4
1 18 8
1 19 -7
1 20 4
1 21 2
1 22 -2
1 23 13
1 24 15
1 25 5
1 26 -11
1 28 -4
1 29 5
1 30 11
1 31 11
1 32 -13
2 3 -4
2 4 10
2 5 7
2 6 -9
2 7 1
2 8 -14
2 10 -13
2 11 14
2 12 -13
2 15 -13
2 16 8
2 17 -2
2 18 7
2 19 13
2 20 9
2 21 -9
2 22 -3
2 23 3
2 24 -14
2 25 -10
2 26 -2
2 27 -4
2 28 14
2 29 -10
2 30 9
2 31 12
2 32 10
3 4 12
3 6 11
3 7 7
3 8 -2
3 9 5
3 10 -1
3 11 13
3 12 14
3 13 -3
3 14 10
3 16 -2
3 17 -4
3 18 -13
3 19 1
3 20 -5
3 21 -12
3 22 3
3 23 -10
3 24 13
3 25 -7
3 26 -9
3 27 3
3 28 11
3 29 2
3 31 -6
3 32 -8
4 5 -3
4 6 3
4 7 15
4 8 1
4 10 -1
4 11 13
4 12 -10
4 13 -3
4 14 3
4 15 -2
4 16 5
4 17 12
4 18 10
4 19 -9
4 21 -15
4 22 4
4 23 13
4 24 2
4 25 -10
4 26 -7
4 27 -12
4 28 -5
4 29 10
4 30 -3
4 31 -9
4 32 14
5 6 -12
5 7 -15
5 8 1
5 9 2
5 10 8
5 11 -13
5 12 -9
5 15 -12
5 16 -8
5 17 -9
5 18 -6
5 19 -7
5 21 -1
5 22 4
5 23 13
5 24 11
5 25 -13
5 26 -13
5 27 -6
5 28 -4
5 29 8
5 30 13
5 32 -1
6 7 8
6 9 12
6 10 -3
6 11 4
6 12 -1
6 14 10
6 15 -7
6 16 2
6 18 -10
6 19 5
6 20 15
6 21 -9
6 22 6
6 23 -7
6 24 7
6 25 -13
6 26 5
6 27 -8
6 28 -12
6 29 -13
6 30 14
6 31 -15
6 32 14
7 8 4
7 9 -11
7 10 9
7 11 -5
7 13 -1
7 14 -13
7 15 5
7 18 2
7 19 -13
7 20 15
7 21 -1
7 23 -11
7 24 11
7 25 9
7 26 -5
7 27 6
7 28 -13
7 29 -3
7 30 -14
7 31 -4
7 32 -6
8 9 -3
8 10 -13
8 11 14
8 12 -9
8 13 14
8 14 -10
8 15 14
8 16 10
8 17 9
8 18 -4
8 19 -8
8 20 -11
8 21 -12
8 22 1
8 23 7
8 24 -4
8 25 13
8 26 7
8 27 11
8 28 -11
8 29 -7
8 30 -12
8 31 5
8 32 -6
9 10 -10
9 11 4
9 12 -7
9 13 -8
9 14 13
9 15 -2
9 16 -4
9 19 14
9 20 -1
9 21 -7
9 23 5
9 24 6
9 25 2
9 26 2
9 27 14
9 28 -12
9 29 -8
9 30 -8
9 31 4
9 32 13
10 12 -3
10 13 -14
10 14 1
10 15 12
10 16 -8
10 17 7
10 18 7
10 19 11
10 20 -7
10 21 -8
10 22 10
10 23 -3
10 24 -10
10 25 -9
10 26 8
10 28 -14
10 29 7
10 30 12
10 31 -3
10 32 -2
11 13 -2
11 14 11
11 15 -1
11 16 7
11 17 2
11 19 9
11 20 -2
11 21 -4
11 22 -1
11 23 8
11 24 2
11 25 -3
11 26 -9
11 27 2
11 28 8
11 29 2
11 30 -3
11 31 -7
11 32 12
12 13 4
12 14 -2
12 15 -8
12 16 10
12 17 14
12 19 14
12 20 14
12 21 1
12 22 -5
12 23 -2
12 24 -14
12 25 -10
12 26 9
12 27 2
12 28 -6
12 30 -8
12 31 -10
12 32 -7
13 16 -14
13 17 5
13 19 -5
13 20 8
13 21 14
13 22 -5
13 23 7
13 24 13
13 25 9
13 26 12
13 27 12
13 28 -12
13 29 -1
13 30 3
13 31 6
13 32 -10
14 16 11
14 17 -11
14 18 -3
14 19 -2
14 20 2
14 22 1
14 23 -1
14 25 -6
14 27 -9
14 28 13
14 29 -1
14 30 -5
14 31 -8
14 32 14
15 16 1
15 17 -10
15 18 14
15 19 -6
15 20 -15
15 21 -1
15 22 12
15 23 -11
15 24 15
15 25 -14
15 26 14
15 27 13
15 28 -4
15 29 -5
15 30 -4
15 31 -9
15 32 -3
16 17 -2
16 18 8
16 19 12
16 20 -12
16 21 11
16 22 9
16 23 11
16 24 15
16 27 -5
16 28 3
16 30 10
16 31 5
16 32 -3
17 18 -3
17 19 10
17 20 -11
17 21 -8
17 22 -5
17 23 -7
17 24 12
17 25 -15
17 28 1
17 29 -9
17 30 -5
17 31 -2
17 32 -6
18 19 -10
18 20 -6
18 21 -15
18 22 14
18 23 15
18 24 10
18 25 14
18 27 6
18 28 8
18 29 2
18 30 6
18 31 -2
18 32 1
19 20 -7
19 21 2
19 22 -11
19 23 -11
19 24 -11
19 26 -10
19 27 -5
19 28 9
19 29 -14
19 30 -8
19 31 -11
19 32 14
20 21 -6
20 22 10
20 23 -15
20 24 -1
20 25 -1
20 26 14
20 27 13
20 28 -10
20 29 -10
20 30 -4
20 32 -10
21 22 -9
21 23 13
21 24 -9
21 25 -9
21 26 -15
21 27 -15
21 28 -6
21 29 4
21 30 -7
21 31 9
22 23 11
22 24 -10
22 25 12
22 26 15
22 27 -2
22 28 -9
22 29 -8
22 30 2
22 31 7
22 32 11
23 24 -9
23 25 -12
23 26 11
23 28 1
23 29 8
23 30 -4
23 31 15
23 32 13
24 25 -1
24 26 -2
24 27 14
24 28 2
24 30 15
24 31 -10
24 32 11
25 26 -13
25 27 -13
25 28 -8
25 29 13
25 30 -7
25 31 -8
26 27 5
26 28 -6
26 29 -8
26 30 -10
26 31 -4
26 32 -13
27 28 11
27 29 1
27 30 10
27 31 -8
27 32 -11
28 29 1
28 30 -14
28 31 -8
28 32 -6
29 30 -9
29 31 1
29 32 -10
30 31 -5
30 32 12
31 32 5
