48 789
1 2 14
1 4 -9
1 5 3
1 7 9
1 8 -13
1 11 -6
1 12 -12
1 13 -4
1 14 5
1 15 -6
1 16 -1
1 17 6
1 20 -3
1 22 9
1 23 -9
1 25 -6
1 26 -13
1 27 1
1 28 -14
1 29 2
1 30 -4
1 31 8
1 33 -4
1 35 -2
1 36 6
1 37 -11
1 38 10
1 39 10
1 40 -3
1 41 14
1 44 -8
1 45 -1
1 46 2
1 47 -13
1 48 9
2 6 -9
2 8 13
2 9 5
2 13 -1
2 15 -3
2 16 9
2 17 3
2 18 -10
2 19 -7
2 20 13
2 21 -2
2 22 10
2 23 -8
2 25 5
2 26 8
2 27 -9
2 28 11
2 29 -1
2 30 -2
2 33 12
2 34 14
2 37 -3
2 38 -3
2 39 -1
2 40 -8
2 41 -2
2 42 -10
2 43 -11
2 45 8
2 46 13
2 47 -10
3 7 5
3 8 7
3 10 -3
3 11 -6
3 13 9
3 14 -13
3 15 2
3 20 11
3 21 -2
3 22 3
3 23 3
3 24 9
3 26 2
3 27 -12
3 28 -12
3 29 -9
3 30 -13
3 32 4
3 34 -7
3 36 -9
3 38 -7
3 39 -7
3 40 5
3 42 -10
3 43 -10
3 45 8
3 46 2
3 47 -1
3 48 11
4 5 -9
4 6 14
4 8 -11
4 10 -4
4 11 -7
4 12 -3
4 13 3
4 14 3
4 15 2
4 16 7
4 17 -3
4 18 12
4 21 -8
4 22 4
4 23 7
4 25 2
4 26 -4
4 27 3
4 28 -3
4 29 13
4 30 -7
4 31 -8
4 32 12
4 34 10
4 38 5
4 39 -4
4 40 -9
4 41 10
4 42 8
4 44 7
4 45 -2
4 46 9
5 7 14
5 8 15
5 9 2
5 10 8
5 11 -6
5 12 -6
5 13 5
5 14 11
5 15 -11
5 18 -11
5 20 -7
5 22 4
5 24 -8
5 25 -9
5 26 7
5 27 11
5 28 -13
5 29 -10
5 31 2
5 32 11
5 33 15
5 34 -10
5 35 -13
5 37 -15
5 39 -2
5 40 -9
5 41 6
5 44 11
5 45 -4
5 46 4
5 47 15
6 8 -1
6 10 -12
6 11 -10
6 14 4
6 15 -14
6 16 4
6 17 -15
6 20 2
6 23 -8
6 24 4
6 26 5
6 27 -14
6 28 -7
6 29 13
6 31 9
6 32 12
6 34 -8
6 35 7
6 36 -2
6 37 -13
6 38 5
6 39 -13
6 40 -11
6 41 -9
6 42 6
6 43 9
6 44 -4
6 48 4
7 8 6
7 9 9
7 11 9
7 13 -11
7 16 12
7 18 -2
7 19 4
7 20 -11
7 21 9
7 22 2
7 23 4
7 24 7
7 25 6
7 28 3
7 29 -12
7 30 15
7 31 13
7 32 -3
7 33 14
7 34 4
7 35 7
7 36 -8
7 37 -11
7 38 7
7 39 -7
7 40 -5
7 41 13
7 43 -8
7 44 -3
7 45 -6
7 46 1
7 47 15
7 48 14
8 9 7
8 10 -11
8 11 13
8 12 -6
8 18 -1
8 19 1
8 20 11
8 21 8
8 22 4
8 24 15
8 25 -15
8 26 -10
8 27 -5
8 28 13
8 29 -4
8 33 -5
8 34 14
8 36 11
8 39 1
8 40 -11
8 41 -2
8 43 1
8 44 11
8 46 4
9 10 13
9 11 -14
9 12 -1
9 13 11
9 14 -2
9 15 -13
9 20 10
9 21 -2
9 22 5
9 25 -1
9 26 -5
9 27 -2
9 28 -9
9 30 -12
9 31 4
9 32 -15
9 33 -9
9 34 7
9 35 -10
9 36 -3
9 37 2
9 38 -10
9 39 5
9 40 8
9 42 9
9 43 -7
9 44 -1
9 46 6
9 47 -15
9 48 12
10 12 -11
10 14 15
10 15 -7
10 16 -1
10 18 -4
10 20 5
10 21 10
10 22 10
10 23 -11
10 24 -2
10 25 4
10 26 5
10 28 -9
10 31 -10
10 32 10
10 33 13
10 34 -13
10 35 14
10 36 -3
10 37 -15
10 38 -1
10 39 7
10 40 -8
10 41 6
10 43 14
10 45 -2
10 46 -14
11 13 -12
11 14 -2
11 15 -10
11 17 -6
11 19 -7
11 22 11
11 25 -2
11 26 -14
11 27 11
11 28 -5
11 30 -14
11 31 4
11 32 8
11 34 -14
11 35 -3
11 37 4
11 38 -14
11 39 1
11 40 12
11 42 9
11 46 10
11 47 -11
11 48 -14
12 13 2
12 14 4
12 16 -13
12 18 10
12 21 10
12 22 -2
12 23 -15
12 24 12
12 26 15
12 28 -1
12 30 -6
12 31 6
12 33 -10
12 34 -13
12 35 -3
12 37 -14
12 38 -1
12 39 -1
12 40 -14
12 41 -1
12 42 13
12 44 15
12 45 -1
12 47 -6
13 14 -10
13 15 7
13 16 -2
13 18 -11
13 21 -8
13 22 -4
13 24 4
13 25 -10
13 26 -10
13 27 -8
13 28 -9
13 29 14
13 30 7
13 34 -7
13 35 3
13 36 -14
13 37 -14
13 38 3
13 39 10
13 40 -7
13 42 -1
13 46 -3
13 47 14
13 48 12
14 15 -11
14 17 12
14 18 14
14 19 -3
14 20 -2
14 21 -7
14 23 9
14 25 -9
14 26 4
14 27 9
14 29 13
14 30 9
14 31 4
14 32 4
14 34 1
14 36 3
14 37 -8
14 39 -11
14 40 -8
14 41 -4
14 42 -2
14 43 -1
14 44 7
14 45 -8
14 46 -9
14 47 9
14 48 -11
15 16 6
15 17 11
15 18 14
15 20 -10
15 23 -8
15 25 8
15 28 -11
15 30 -8
15 31 -7
15 32 3
15 36 4
15 37 3
15 38 11
15 39 4
15 40 14
15 44 -13
15 45 9
15 46 12
15 47 -4
15 48 12
16 17 9
16 20 11
16 21 8
16 22 15
16 23 9
16 24 -1
16 25 -5
16 26 -1
16 27 -10
16 28 13
16 29 -13
16 30 -1
16 31 7
16 32 -3
16 33 3
16 34 15
16 36 -5
16 37 -2
16 43 1
16 46 -7
16 47 12
17 18 -9
17 19 -11
17 20 4
17 23 1
17 24 -2
17 25 15
17 27 1
17 28 -6
17 29 4
17 30 15
17 32 15
17 33 7
17 34 -1
17 35 -13
17 37 -14
17 39 12
17 40 -9
17 41 1
17 44 -1
17 45 13
17 46 9
17 48 -8
18 19 -5
18 21 -5
18 22 -9
18 23 6
18 25 3
18 26 9
18 27 7
18 29 -13
18 30 -2
18 31 4
18 32 -13
18 34 11
18 35 9
18 36 8
18 37 -13
18 38 -10
18 39 -13
18 43 -2
18 44 -5
18 47 -12
18 48 2
19 20 9
19 21 -11
19 22 10
19 24 -8
19 25 -10
19 27 -13
19 28 13
19 30 -13
19 31 -7
19 32 -8
19 33 -10
19 34 -1
19 35 -3
19 38 -14
19 39 6
19 42 10
19 43 12
19 44 -3
19 45 -1
19 46 -3
19 48 -4
20 24 -3
20 25 -14
20 26 4
20 27 -14
20 28 -4
20 29 4
20 30 14
20 33 10
20 34 7
20 35 5
20 37 10
20 38 -10
20 39 -3
20 40 -8
20 42 -15
20 44 -8
20 45 -5
20 46 -5
20 47 -7
21 25 -8
21 26 -8
21 27 -9
21 28 3
21 30 -6
21 32 8
21 35 -7
21 37 -6
21 38 15
21 40 6
21 41 6
21 43 -11
21 44 3
21 45 -13
21 46 2
21 47 15
21 48 -1
22 23 -10
22 25 12
22 26 4
22 27 10
22 28 6
22 31 10
22 33 13
22 34 -12
22 36 8
22 37 14
22 39 -6
22 40 -1
22 41 4
22 42 7
22 43 -8
22 46 1
22 47 5
22 48 -4
23 24 -8
23 26 3
23 27 10
23 28 -4
23 29 -7
23 30 -13
23 31 -5
23 32 -4
23 34 14
23 35 1
23 39 2
23 40 -5
23 43 1
23 47 -7
23 48 10
24 25 12
24 26 3
24 27 7
24 29 -13
24 30 8
24 31 6
24 32 -11
24 33 5
24 35 -11
24 36 -15
24 38 -13
24 39 -9
24 40 5
24 43 6
24 46 -15
24 47 11
24 48 9
25 31 -7
25 32 -15
25 33 5
25 34 4
25 35 -11
25 37 -6
25 39 -15
25 41 -3
25 42 9
25 43 5
25 44 4
25 45 -14
25 46 -15
25 47 1
25 48 11
26 27 -15
26 28 -1
26 29 -9
26 30 -4
26 34 15
26 36 1
26 37 5
26 38 -13
26 39 4
26 40 -11
26 41 -10
26 42 -8
26 43 9
26 46 2
26 47 4
26 48 3
27 28 -1
27 29 -1
27 30 3
27 31 -8
27 33 6
27 34 -5
27 36 2
27 38 -1
27 39 -15
27 41 13
27 42 2
27 44 -4
27 45 -8
27 47 9
28 29 -8
28 30 10
28 31 1
28 32 -3
28 33 1
28 34 10
28 35 1
28 37 15
28 38 -4
28 39 -7
28 43 -13
28 44 -3
28 45 -1
28 46 -1
28 47 5
28 48 -8
29 30 -14
29 31 15
29 32 -11
29 33 -11
29 35 -3
29 36 1
29 37 -5
29 38 -14
29 40 9
29 41 -4
29 42 -9
29 44 9
29 45 4
29 46 -14
29 48 8
30 31 10
30 32 10
30 33 -8
30 34 -10
30 35 -15
30 36 -9
30 39 -15
30 41 14
30 42 10
30 43 -7
30 44 10
30 45 12
30 46 11
30 47 -15
30 48 12
31 32 -1
31 33 -4
31 34 6
31 36 5
31 39 -4
31 40 -14
31 42 10
31 43 8
31 44 11
31 46 -6
32 34 9
32 35 -4
32 36 -5
32 37 3
32 38 15
32 39 -1
32 40 11
32 42 13
32 43 -2
32 44 -13
32 45 12
32 46 -13
32 47 -6
33 34 7
33 35 15
33 36 -1
33 37 5
33 39 -15
33 40 8
33 41 -7
33 42 -2
33 43 -4
33 44 2
33 46 6
33 47 14
33 48 8
34 35 -4
34 36 -5
34 38 -15
34 39 -14
34 40 11
34 41 13
34 43 -7
34 46 9
34 47 6
34 48 13
35 36 -1
35 37 -9
35 39 -9
35 40 14
35 41 -5
35 43 15
35 44 -13
35 45 9
35 46 9
35 47 -14
35 48 6
36 37 7
36 38 -7
36 39 -2
36 42 -14
36 45 -1
36 46 12
36 47 -9
37 38 4
37 39 -7
37 40 -14
37 41 7
37 42 12
37 43 1
37 44 1
37 45 -10
37 46 5
38 40 15
38 47 -8
38 48 -7
39 40 1
39 41 4
39 42 3
39 44 7
39 46 15
39 47 -1
39 48 7
40 43 -5
40 46 -8
40 48 11
41 43 -15
41 44 -8
41 46 12
41 47 10
41 48 5
42 43 11
42 44 4
42 45 -14
42 46 -15
42 47 -6
42 48 9
43 45 -8
43 46 -13
43 47 8
43 48 3
44 47 -8
44 48 -9
45 46 -9
45 47 -12
45 48 13
46 47 11
46 48 -12
47 48 -10
