48 564
1 7 11
1 11 -3
1 12 8
1 14 4
1 16 9
1 17 -8
1 19 -3
1 23 -13
1 25 15
1 26 5
1 27 7
1 30 1
1 31 -8
1 33 15
1 34 2
1 35 -10
1 36 -9
1 37 14
1 38 9
1 39 -9
1 42 13
1 47 -7
1 48 4
2 5 -14
2 7 15
2 8 6
2 10 14
2 11 -12
2 12 -7
2 24 1
2 26 11
2 28 -11
2 29 -14
2 30 13
2 31 -13
2 32 11
2 34 2
2 39 -3
2 40 14
2 42 -3
2 43 -4
2 44 -10
3 6 12
3 7 -15
3 8 -12
3 9 2
3 13 -2
3 14 -1
3 15 -9
3 16 12
3 17 11
3 19 8
3 20 3
3 23 10
3 26 13
3 30 14
3 31 1
3 34 -5
3 35 13
3 37 10
3 39 -13
3 40 6
3 42 -4
3 45 -14
3 46 7
3 48 9
4 5 4
4 6 13
4 9 -4
4 11 10
4 13 11
4 14 4
4 16 -6
4 21 -7
4 22 -3
4 27 7
4 28 -15
4 31 -8
4 32 6
4 33 6
4 34 13
4 35 15
4 36 13
4 37 13
4 42 10
5 7 -6
5 8 -10
5 9 -14
5 10 -14
5 13 -10
5 16 -15
5 19 -2
5 20 8
5 21 7
5 22 -15
5 23 10
5 24 11
5 29 -12
5 31 12
5 35 -8
5 37 4
5 39 -10
5 40 -10
5 42 -14
5 43 -4
6 9 -2
6 10 13
6 11 1
6 15 13
6 18 7
6 20 -1
6 21 5
6 22 -14
6 25 7
6 27 -12
6 30 8
6 31 1
6 32 6
6 33 1
6 36 -1
6 37 3
6 38 6
6 41 -1
6 44 6
6 45 -12
6 46 -9
6 47 4
6 48 -3
7 8 -5
7 9 14
7 10 -11
7 12 5
7 14 -2
7 16 -5
7 17 -7
7 18 4
7 19 6
7 21 15
7 25 6
7 26 -8
7 28 -5
7 29 15
7 32 14
7 33 1
7 36 -5
7 37 -11
7 38 -10
7 42 5
7 43 -9
7 44 -2
7 46 -2
8 9 7
8 10 -14
8 12 -3
8 15 15
8 16 12
8 17 2
8 22 -11
8 23 -1
8 25 -8
8 26 -1
8 27 11
8 28 -6
8 29 -9
8 30 -3
8 34 5
8 35 -14
8 36 9
8 38 -13
8 40 11
8 43 6
8 44 2
8 45 -14
8 46 8
9 11 1
9 14 -14
9 15 -12
9 16 7
9 17 -7
9 18 8
9 19 13
9 27 -4
9 28 6
9 29 12
9 30 12
9 34 6
9 35 12
9 36 -9
9 38 3
9 40 -12
9 43 -15
10 13 14
10 14 1
10 17 -1
10 19 -1
10 21 -3
10 23 -2
10 24 8
10 25 14
10 26 -9
10 29 -1
10 31 8
10 34 10
10 35 -12
10 37 5
10 38 -2
10 39 8
10 41 15
10 42 -10
10 44 -11
10 45 -8
10 47 -9
11 12 -9
11 14 -4
11 15 -13
11 17 2
11 19 -10
11 21 -13
11 23 13
11 24 1
11 25 13
11 26 10
11 27 14
11 28 -1
11 30 1
11 31 -9
11 33 -14
11 35 -9
11 37 -1
11 38 -8
11 40 6
11 41 -12
11 42 -7
11 45 5
11 46 -10
11 47 -7
11 48 -12
12 14 -1
12 15 13
12 16 -10
12 17 11
12 19 7
12 21 9
12 22 -14
12 25 12
12 28 2
12 29 13
12 31 13
12 33 -5
12 34 -15
12 36 3
12 38 -15
12 39 9
12 41 -10
12 42 -3
12 44 -3
12 46 -4
13 15 -8
13 16 9
13 17 14
13 18 -9
13 19 -2
13 20 -2
13 21 -8
13 22 -7
13 24 4
13 25 -7
13 26 -13
13 27 -1
13 31 5
13 35 -12
13 36 13
13 40 2
13 42 1
13 45 5
13 46 6
14 17 1
14 18 -13
14 19 13
14 20 12
14 23 -14
14 24 -11
14 27 9
14 28 -9
14 30 11
14 33 2
14 34 -7
14 35 -10
14 36 -9
14 37 -2
14 39 10
14 42 -6
14 43 -7
14 44 2
15 18 11
15 19 -4
15 20 -15
15 22 -8
15 23 9
15 25 -1
15 27 -1
15 28 -1
15 30 8
15 35 9
15 36 1
15 38 -15
15 39 -14
15 41 -7
15 46 4
15 48 1
16 17 5
16 18 6
16 19 -9
16 21 -1
16 27 5
16 31 3
16 32 -13
16 33 -13
16 35 13
16 36 6
16 37 2
16 39 8
16 40 6
16 42 -3
16 44 2
16 46 15
16 48 13
17 18 9
17 19 15
17 22 4
17 25 -8
17 27 -5
17 30 12
17 31 -1
17 32 -14
17 36 5
17 38 -13
17 40 -5
17 42 -1
17 45 4
17 47 11
17 48 -7
18 20 -1
18 23 12
18 24 8
18 25 -5
18 28 -7
18 30 -15
18 31 -3
18 32 4
18 35 -2
18 40 -3
18 46 -7
18 47 -8
18 48 -2
19 21 -3
19 23 -12
19 26 5
19 28 4
19 30 -4
19 32 10
19 33 2
19 34 -12
19 37 5
19 38 9
19 39 -5
19 40 -8
19 41 15
19 45 -5
19 46 -3
20 28 -10
20 31 -4
20 33 -9
20 34 8
20 36 4
20 37 -3
20 40 7
20 43 8
20 45 -3
20 46 12
20 47 2
20 48 10
21 22 3
21 23 -8
21 24 6
21 27 -14
21 33 -12
21 37 -4
21 38 -10
21 39 -6
21 40 -14
21 41 14
21 42 -11
21 46 5
21 48 -9
22 23 -4
22 24 -14
22 25 6
22 29 -12
22 30 2
22 31 9
22 32 6
22 33 -13
22 35 9
22 37 6
22 38 -9
22 40 1
22 41 5
22 42 -11
22 45 9
23 24 9
23 34 13
23 36 11
23 37 6
23 38 -7
23 39 -11
23 40 5
23 41 11
23 43 12
23 47 15
23 48 -3
24 25 -12
24 26 14
24 28 -2
24 33 -11
24 34 14
24 37 2
24 38 -13
24 39 -13
24 40 7
24 42 -11
24 46 -14
25 27 13
25 28 2
25 31 -5
25 32 -15
25 33 -3
25 35 14
25 38 9
25 39 10
25 40 12
25 42 10
25 48 -13
26 27 5
26 34 15
26 36 -4
26 42 12
26 43 -12
27 31 2
27 33 1
27 35 15
27 37 15
27 40 -7
27 41 -13
27 42 13
27 43 -6
27 46 -1
27 48 -14
28 29 6
28 30 7
28 31 -5
28 33 10
28 36 14
28 37 1
28 40 -12
28 41 -12
28 43 -9
28 47 2
28 48 -8
29 30 -3
29 31 11
29 32 -14
29 33 14
29 35 2
29 38 -2
29 41 -11
29 42 14
29 44 -1
29 45 -10
29 48 -1
30 31 -10
30 32 11
30 34 -9
30 36 -13
30 37 14
30 38 -6
30 39 10
30 41 -2
30 42 12
30 43 -3
30 44 -14
30 45 -7
30 46 -6
30 47 13
31 33 6
31 35 3
31 39 4
31 43 -15
32 33 -7
32 35 3
32 37 -5
32 40 13
32 41 -8
32 42 1
32 43 -11
32 45 1
33 37 -12
33 38 7
33 44 6
33 45 -8
33 46 -15
34 35 10
34 36 -12
34 40 -9
34 42 11
34 43 -13
34 45 15
34 47 -3
34 48 1
35 37 -11
35 38 9
35 39 6
35 40 -8
35 41 -2
35 42 -7
35 44 -7
35 46 -12
35 48 -4
36 37 4
36 39 -1
36 40 -3
36 42 -14
36 44 15
36 46 -6
36 48 -1
37 42 -5
37 43 6
37 44 12
37 45 2
37 46 -11
37 48 9
38 45 -14
38 46 8
38 47 -6
39 41 -1
39 42 -8
39 43 -4
39 45 -14
39 46 9
39 47 -7
40 41 -11
40 48 14
41 42 4
41 43 -11
41 44 -9
41 45 4
41 46 -14
42 44 12
43 44 13
43 48 -5
44 46 -2
44 47 10
44 48 -15
47 48 -1
