64 604
1 3 3
1 4 -4
1 8 -9
1 10 -14
1 11 2
1 12 6
1 16 8
1 19 -8
1 24 -5
1 26 -1
1 28 13
1 30 1
1 36 11
1 38 10
1 39 15
1 40 -3
1 41 11
1 42 9
1 45 -7
1 46 -11
1 57 11
1 60 -10
1 63 13
2 3 5
2 7 10
2 10 8
2 16 8
2 18 10
2 19 11
2 23 12
2 26 -7
2 30 -12
2 38 -12
2 39 1
2 43 -3
2 45 6
2 49 -11
2 51 5
2 60 8
3 4 6
3 5 3
3 9 -8
3 11 -7
3 15 -15
3 19 -14
3 20 -1
3 25 -14
3 28 11
3 31 5
3 38 8
3 41 -6
3 43 13
3 46 -8
3 47 1
3 48 -13
3 49 -5
3 50 2
3 53 13
3 54 -4
4 6 -4
4 8 -14
4 11 -15
4 25 3
4 32 -13
4 34 8
4 37 -13
4 39 4
4 41 15
4 44 -15
4 45 12
4 52 -12
4 53 -5
4 60 -15
4 63 1
4 64 -10
5 7 -7
5 8 9
5 10 2
5 12 -5
5 13 15
5 16 7
5 18 2
5 19 11
5 20 -2
5 21 -5
5 24 -3
5 26 14
5 28 10
5 30 -15
5 32 7
5 35 -15
5 45 9
5 50 -4
5 51 4
5 52 14
5 54 -9
5 55 -2
5 60 -3
6 9 -8
6 11 -6
6 20 -13
6 23 -2
6 24 12
6 29 12
6 31 -5
6 37 -13
6 38 -15
6 42 7
6 45 8
6 47 1
6 50 -10
6 56 -4
6 60 4
7 13 -3
7 14 3
7 15 -9
7 16 3
7 19 3
7 20 4
7 22 1
7 23 4
7 28 -3
7 32 -7
7 33 11
7 34 -9
7 37 13
7 38 2
7 40 -11
7 42 -11
7 55 13
7 59 8
7 62 -3
7 64 -1
8 9 15
8 13 -11
8 18 14
8 20 4
8 21 -3
8 29 -5
8 35 13
8 38 8
8 40 10
8 42 -5
8 46 -10
8 47 -5
8 53 13
8 57 -12
8 58 -11
8 59 13
9 11 2
9 17 -10
9 20 -9
9 21 1
9 22 -8
9 23 4
9 26 10
9 34 3
9 35 9
9 38 1
9 40 7
9 46 -2
9 48 2
9 49 7
9 50 15
9 52 13
9 53 -9
9 54 9
9 55 -6
9 59 -9
10 13 -1
10 16 -10
10 22 -8
10 30 13
10 34 -7
10 35 -3
10 39 7
10 40 -7
10 42 14
10 43 8
10 44 10
10 45 9
10 46 -4
11 12 -9
11 13 -7
11 15 -15
11 23 7
11 32 -5
11 36 10
11 38 1
11 42 7
11 44 2
11 47 -9
11 51 15
11 52 -11
11 58 3
11 63 12
12 19 -15
12 25 -8
12 30 6
12 32 13
12 40 -10
12 41 1
12 42 13
12 49 -11
12 51 7
12 54 -12
12 58 -12
12 59 15
12 63 13
13 14 12
13 20 -15
13 22 13
13 27 -14
13 29 -3
13 31 -6
13 34 1
13 43 -6
13 49 11
13 55 9
13 58 -7
14 23 8
14 34 10
14 35 -4
14 37 -14
14 42 -15
14 44 -11
14 46 -6
14 49 -2
14 52 -7
14 54 5
14 62 -14
14 63 12
15 18 11
15 20 15
15 21 -13
15 24 9
15 32 -3
15 39 9
15 45 -9
15 48 -3
15 51 5
15 53 4
15 55 -7
15 56 12
15 58 -13
15 59 -14
15 64 13
16 18 6
16 20 10
16 25 -3
16 27 6
16 28 -2
16 32 14
16 33 7
16 38 14
16 39 10
16 44 -10
16 46 10
16 47 -3
16 50 15
16 54 15
16 55 -15
16 60 -1
16 61 -12
17 21 -3
17 24 2
17 25 -11
17 26 -13
17 30 5
17 32 8
17 34 -3
17 35 -3
17 38 12
17 42 8
17 46 -3
17 54 12
17 62 9
18 19 15
18 22 -10
18 23 -11
18 25 8
18 29 -3
18 34 -8
18 36 -10
18 38 -4
18 40 7
18 48 6
18 50 -4
18 56 3
19 20 -9
19 21 9
19 34 -8
19 38 10
19 47 -12
19 53 -5
19 57 -4
19 63 -12
19 64 2
20 23 -11
20 26 1
20 30 3
20 32 12
20 35 12
20 36 1
20 46 -10
20 50 7
20 51 -11
20 56 -13
20 59 7
20 64 9
21 24 -15
21 25 8
21 32 1
21 33 -9
21 35 -13
21 36 12
21 37 -2
21 39 -5
21 42 5
21 43 15
21 44 8
21 48 -5
21 52 -3
21 53 7
21 56 -7
21 59 -8
21 60 -1
22 26 -15
22 27 6
22 28 -6
22 32 -6
22 36 5
22 54 -10
22 55 14
22 57 2
22 58 13
22 62 1
22 63 6
23 24 2
23 25 13
23 26 -8
23 30 -13
23 34 1
23 35 -1
23 36 7
23 37 3
23 38 10
23 41 -13
23 42 -4
23 45 12
23 50 -7
23 54 -10
23 57 -3
23 58 -3
23 59 7
23 60 -11
24 28 7
24 42 1
24 44 13
24 46 7
24 51 10
24 60 -8
24 63 -11
25 29 -11
25 30 15
25 33 -8
25 43 -1
25 46 12
25 48 14
25 49 -7
25 50 6
25 52 3
25 56 -15
25 57 7
25 59 -4
25 61 11
25 63 -5
25 64 12
26 29 -12
26 30 1
26 33 7
26 35 -14
26 47 -14
26 48 5
26 51 2
26 52 15
26 54 -3
26 56 7
26 58 -4
26 60 -7
26 61 2
27 32 15
27 43 -5
27 49 6
27 51 15
27 55 3
27 57 11
27 62 -10
27 64 12
28 30 -12
28 32 10
28 40 -15
28 41 -2
28 43 10
28 52 -7
28 58 4
28 64 10
29 31 -7
29 33 -10
29 39 4
29 41 2
29 42 10
29 45 -6
29 46 -9
29 48 -2
29 49 -5
29 51 8
29 52 14
29 57 -2
29 58 -7
29 59 -8
29 60 10
29 62 -13
30 32 -4
30 33 -5
30 41 14
30 44 4
30 48 -7
30 49 3
30 51 6
30 55 -4
30 56 -4
30 62 -8
30 63 6
31 38 15
31 46 3
31 53 13
31 55 -8
31 58 -6
31 59 -5
31 60 -13
31 64 14
32 35 10
32 41 -14
32 42 -9
32 43 13
32 52 6
32 55 -11
32 58 -3
32 59 -1
32 63 -1
33 41 -6
33 45 4
33 46 -13
33 47 7
33 52 2
33 54 -4
33 55 -7
33 64 -8
34 35 -9
34 39 -7
34 41 4
34 42 -13
34 48 3
34 52 -3
34 54 -11
34 58 5
34 59 14
35 38 -12
35 39 -6
35 45 5
35 48 9
35 49 8
35 50 -12
35 57 8
35 58 7
36 40 2
36 42 13
36 46 -12
36 51 2
36 54 -4
36 57 -11
37 38 -7
37 42 -2
37 44 1
37 45 -6
37 47 4
37 58 -2
37 61 6
37 63 -4
37 64 1
38 47 -15
38 51 9
38 53 -14
38 55 -15
38 56 14
38 61 12
38 62 -10
39 44 -1
39 46 -10
39 48 3
39 49 -7
39 58 -1
39 59 -2
39 61 14
40 43 -11
40 46 8
40 47 -1
40 48 12
40 49 1
40 50 -5
40 53 4
40 55 -12
40 57 -13
40 58 13
40 60 -4
40 61 4
41 42 3
41 43 -6
41 45 5
41 46 7
41 52 4
41 58 11
41 59 8
41 60 5
41 61 -13
41 63 5
42 46 13
42 50 14
42 52 -10
42 58 -5
42 62 12
43 45 11
43 46 -15
43 49 -7
43 50 13
43 51 -7
43 52 2
43 55 12
43 56 -13
43 61 4
44 45 -8
44 46 -12
44 49 -12
44 55 8
44 56 13
44 57 -14
44 58 -3
44 60 14
44 62 -11
45 51 2
45 60 1
45 64 4
46 51 -9
46 60 8
46 62 12
46 63 14
47 50 -7
47 58 9
47 61 -14
47 63 10
48 49 -10
48 52 2
48 53 -11
48 58 -4
48 61 -15
48 62 2
48 63 6
49 50 1
49 52 -1
49 54 7
49 56 -8
49 57 -5
49 59 -12
49 64 1
50 52 5
50 56 5
50 57 8
50 62 15
51 52 -15
51 53 6
51 54 3
51 56 10
51 59 11
51 61 -13
51 62 2
51 64 -7
52 61 -7
53 55 -14
53 56 6
53 60 6
53 63 -13
54 59 -15
54 64 -14
55 64 -4
56 57 -8
56 61 -5
57 58 -8
57 62 13
58 59 -5
58 62 12
59 62 -13
61 63 5
62 64 -14
